TITLE = "TC_NACA0012_3933_L3_finalIceShape_V1 | NACA0012 coordinates rotated +4 degrees about X=0.13335 m"
AUXDATA NUM_LAYERS = "insert the number of total ice layers"
VARIABLES = "X_ICED" "Y_ICED" "Z_ICED"

ZONE T="SLICE_Y_0p9144_BINS01_KS_0p5334mm_SINGLE_LAYER"
0.533022419597 0.9143999815 0.000687614027069
0.531663041199 0.9143999815 0.000914927988936
0.531663041069 0.9143999815 0.000914929844405
0.529110172117 0.9143999815 0.00127013259445
0.529110171988 0.9143999815 0.00127013444992
0.525267754383 0.9143999815 0.0018007901277
0.525267754123 0.9143999815 0.00180079383864
0.520386900555 0.9143999815 0.00246869821635
0.520386900295 0.9143999815 0.00246870193727
0.515167486488 0.9143999815 0.00317528119662
0.515167486227 0.9143999815 0.00317528491754
0.509947027305 0.9143999815 0.00387373975269
0.509947027045 0.9143999815 0.00387374347361
0.504725452769 0.9143999815 0.00456422396045
0.504725452509 0.9143999815 0.00456422768137
0.499502931268 0.9143999815 0.00524688749057
0.499502901281 0.9143999815 0.00524688913274
0.494279367614 0.9143999815 0.00592181145053
0.494279337627 0.9143999815 0.00592181309271
0.489054812946 0.9143999815 0.00658911891744
0.489054782958 0.9143999815 0.00658912055961
0.483829316714 0.9143999815 0.0072489571194
0.483829286626 0.9143999815 0.00724895875459
0.47860287284 0.9143999815 0.00790141153071
0.478602842853 0.9143999815 0.0079014131629
0.473375535133 0.9143999815 0.00854656992864
0.473375505146 0.9143999815 0.00854657156084
0.468147326885 0.9143999815 0.00918452356023
0.468147296897 0.9143999815 0.0091845252024
0.462918242217 0.9143999815 0.00981535792367
0.462918212229 0.9143999815 0.00981535956584
0.457688304655 0.9143999815 0.0104391652147
0.457688274667 0.9143999815 0.0104391668568
0.452457569166 0.9143999815 0.011056010897
0.452457539179 0.9143999815 0.0110560125292
0.447226003526 0.9143999815 0.0116659300482
0.447225973539 0.9143999815 0.0116659316903
0.441993632558 0.9143999815 0.0122689963062
0.441993602571 0.9143999815 0.0122689979434
0.436760482996 0.9143999815 0.0128652516793
0.436760453009 0.9143999815 0.0128652533165
0.431526615275 0.9143999815 0.0134546891902
0.431526585221 0.9143999815 0.0134546903565
0.426291937999 0.9143999815 0.0140373313913
0.426291908044 0.9143999815 0.0140373325637
0.421056537397 0.9143999815 0.0146132281893
0.421056507442 0.9143999815 0.0146132293626
0.415820353625 0.9143999815 0.0151823824026
0.41582032367 0.9143999815 0.0151823835759
0.410583476677 0.9143999815 0.0157447872532
0.410583446722 0.9143999815 0.0157447884265
0.40534584789 0.9143999815 0.0163004258029
0.405345817936 0.9143999815 0.0163004269752
0.400107528138 0.9143999815 0.0168492848026
0.400107498176 0.9143999815 0.0168492860916
0.394868489311 0.9143999815 0.0173913376046
0.394868459352 0.9143999815 0.0173913388356
0.389628795555 0.9143999815 0.0179265212706
0.389628765599 0.9143999815 0.0179265224594
0.38438833374 0.9143999815 0.0184547448326
0.384388303786 0.9143999815 0.0184547460056
0.379147164599 0.9143999815 0.0189759941828
0.379147134645 0.9143999815 0.0189759953552
0.373905348721 0.9143999815 0.0194902572492
0.373905318766 0.9143999815 0.0194902584225
0.368662835308 0.9143999815 0.01999740608
0.368662805353 0.9143999815 0.0199974072523
0.363419605043 0.9143999815 0.020497289713
0.363419575088 0.9143999815 0.0204972908864
0.35817568967 0.9143999815 0.0209898828291
0.358175659715 0.9143999815 0.0209898840024
0.352931094528 0.9143999815 0.0214751062115
0.352931064573 0.9143999815 0.0214751073848
0.347685803631 0.9143999815 0.021952762688
0.347685773676 0.9143999815 0.0219527638603
0.342439825916 0.9143999815 0.022422725912
0.342439795961 0.9143999815 0.0224227270853
0.33719310975 0.9143999815 0.0228848769763
0.337193079828 0.9143999815 0.0228848776848
0.331945756275 0.9143999815 0.0233390539718
0.331945726353 0.9143999815 0.0233390546802
0.326697658468 0.9143999815 0.0237850771639
0.326697628545 0.9143999815 0.0237850778784
0.321448887441 0.9143999815 0.024222782544
0.321448857519 0.9143999815 0.0242227832584
0.316199426401 0.9143999815 0.0246519859607
0.316199396479 0.9143999815 0.0246519866751
0.310949229726 0.9143999815 0.0250724825627
0.310949199804 0.9143999815 0.0250724832672
0.305698342545 0.9143999815 0.0254840570337
0.305698312622 0.9143999815 0.0254840577481
0.300446750912 0.9143999815 0.0258864787489
0.300446720989 0.9143999815 0.0258864794633
0.295194412268 0.9143999815 0.0262795047879
0.295194382346 0.9143999815 0.0262795055023
0.289941403669 0.9143999815 0.0266628847458
0.289941373812 0.9143999815 0.0266628845225
0.284687655199 0.9143999815 0.0270363383026
0.284687625341 0.9143999815 0.0270363380893
0.279433216008 0.9143999815 0.0273995897655
0.27943318615 0.9143999815 0.0273995895522
0.274178047431 0.9143999815 0.0277523376828
0.274178017573 0.9143999815 0.0277523374595
0.268922171816 0.9143999815 0.028094262445
0.268922141959 0.9143999815 0.0280942622218
0.263665552318 0.9143999815 0.0284250365842
0.26366552246 0.9143999815 0.0284250363709
0.258408272716 0.9143999815 0.0287443149437
0.258408242859 0.9143999815 0.0287443147205
0.253150240159 0.9143999815 0.0290517194456
0.253150210301 0.9143999815 0.0290517192323
0.247891495686 0.9143999815 0.0293468739264
0.247891480693 0.9143999815 0.0293468747425
0.24263209784 0.9143999815 0.0296293698244
0.242632082846 0.9143999815 0.0296293706405
0.237372001826 0.9143999815 0.0298987782904
0.237371986832 0.9143999815 0.0298987791065
0.232111238767 0.9143999815 0.0301546571081
0.232111223774 0.9143999815 0.0301546579242
0.226849795967 0.9143999815 0.0303965441864
0.226849780974 0.9143999815 0.0303965450025
0.221587722691 0.9143999815 0.0306239500393
0.221587707697 0.9143999815 0.0306239508554
0.216325024712 0.9143999815 0.0308363634643
0.216325009718 0.9143999815 0.0308363642804
0.211061709693 0.9143999815 0.0310332491019
0.211061694699 0.9143999815 0.031033249918
0.205797817394 0.9143999815 0.0312140383705
0.2057978024 0.9143999815 0.0312140391866
0.200533389522 0.9143999815 0.0313781348266
0.200533374529 0.9143999815 0.0313781356427
0.195268456721 0.9143999815 0.0315248852165
0.195268441727 0.9143999815 0.0315248860326
0.19000305152 0.9143999815 0.0316536121692
0.190003036526 0.9143999815 0.0316536129853
0.184737219557 0.9143999815 0.031763661615
0.184737204563 0.9143999815 0.0317636624311
0.179471011863 0.9143999815 0.0318543051895
0.17947099687 0.9143999815 0.0318543060056
0.174204501383 0.9143999815 0.0319247133503
0.17420448639 0.9143999815 0.0319247141664
0.168937758591 0.9143999815 0.0319740918686
0.168937743597 0.9143999815 0.0319740926946
0.163670858409 0.9143999815 0.0320015814776
0.163670843415 0.9143999815 0.0320015823037
0.158403882845 0.9143999815 0.032006224435
0.158403867851 0.9143999815 0.032006225261
0.153136944474 0.9143999815 0.0319870502093
0.153136929481 0.9143999815 0.0319870510254
0.147870163708 0.9143999815 0.0319429805135
0.147870148714 0.9143999815 0.0319429813296
0.14260233369 0.9143999815 0.0318729002552
0.142602318697 0.9143999815 0.0318729010713
0.137395027744 0.9143999815 0.0317772275609
0.137395012881 0.9143999815 0.0317772265215
0.132372216959 0.9143999815 0.0316588897372
0.132372202095 0.9143999815 0.0316588886978
0.127589248499 0.9143999815 0.0315210400084
0.127589233635 0.9143999815 0.031521038969
0.123034793026 0.9143999815 0.0313659110183
0.123034778162 0.9143999815 0.031365909979
0.118698043979 0.9143999815 0.0311955217376
0.118698029115 0.9143999815 0.0311955206982
0.114568700635 0.9143999815 0.0310118107664
0.114568685772 0.9143999815 0.031011809727
0.110636947669 0.9143999815 0.0308166161796
0.110636932805 0.9143999815 0.0308166151402
0.106893412351 0.9143999815 0.0306116352533
0.106893397488 0.9143999815 0.0306116342139
0.103329184999 0.9143999815 0.0303983586104
0.103329170136 0.9143999815 0.030398357571
0.0999357373549 0.9143999815 0.0301781579211
0.0999357224912 0.9143999815 0.0301781568817
0.0967049689741 0.9143999815 0.0299523750256
0.0967049541104 0.9143999815 0.0299523739862
0.0936291414129 0.9143999815 0.0297221978209
0.0936291265492 0.9143999815 0.0297221967816
0.0907008744902 0.9143999815 0.0294887085481
0.0907008670484 0.9143999815 0.0294887080277
0.087857958963 0.9143999815 0.0292478745262
0.0878579515311 0.9143999815 0.0292478740065
0.0878579440993 0.9143999815 0.0292478734868
0.0850069857993 0.9143999815 0.0289918569456
0.0821353426392 0.9143999815 0.0287190194966
0.0821353352074 0.9143999815 0.0287190189769
0.0792652060679 0.9143999815 0.0284306179185
0.0792651986361 0.9143999815 0.0284306173988
0.0763967605625 0.9143999815 0.0281259368972
0.0763967531306 0.9143999815 0.0281259363775
0.0735301685441 0.9143999815 0.0278042558475
0.0735301611123 0.9143999815 0.0278042553278
0.0706656272336 0.9143999815 0.0274648902392
0.0706656198017 0.9143999815 0.0274648897195
0.067803345587 0.9143999815 0.0271069882935
0.0678033381552 0.9143999815 0.0271069877738
0.0649435690232 0.9143999815 0.0267296037048
0.0649435615914 0.9143999815 0.0267296031852
0.0620865591334 0.9143999815 0.026331772633
0.0620865517016 0.9143999815 0.0263317721133
0.0592326418833 0.9143999815 0.0259124647563
0.0592326307405 0.9143999815 0.0259124639772
0.0563821548972 0.9143999815 0.0254704302719
0.0563821437444 0.9143999815 0.0254704294921
0.0535355153342 0.9143999815 0.0250042960745
0.0535355043112 0.9143999815 0.0250042934392
0.0506931827182 0.9143999815 0.0245126173594
0.0506931717051 0.9143999815 0.0245126147247
0.0478556926425 0.9143999815 0.0239937697808
0.0478556816301 0.9143999815 0.0239937671362
0.0450236968332 0.9143999815 0.0234458028596
0.0450236858101 0.9143999815 0.0234458002243
0.0421979347242 0.9143999815 0.0228665799814
0.0421979237019 0.9143999815 0.0228665773361
0.0393793017184 0.9143999815 0.0222537102323
0.0393792906954 0.9143999815 0.0222537075969
0.0365688856635 0.9143999815 0.0216042934118
0.0365688746412 0.9143999815 0.0216042907665
0.0337680004757 0.9143999815 0.0209150268089
0.0337679894527 0.9143999815 0.0209150241736
0.0309782564633 0.9143999815 0.0201821075395
0.0309782454402 0.9143999815 0.0201821049041
0.0282017208246 0.9143999815 0.0194008329184
0.0282017098115 0.9143999815 0.0194008302837
0.0254409855451 0.9143999815 0.0185656444432
0.0254409763783 0.9143999815 0.0185656419276
0.0226994350715 0.9143999815 0.017669797331
0.022699425914 0.9143999815 0.0176697948261
0.019981611341 0.9143999815 0.0167047605703
0.0199816023139 0.9143999815 0.0167047561999
0.0172936983941 0.9143999815 0.0156598549137
0.017293689357 0.9143999815 0.0156598505427
0.014644467216 0.9143999815 0.0145212640184
0.0146444581789 0.9143999815 0.0145212596473
0.0120468189293 0.9143999815 0.0132707139367
0.0120468099022 0.9143999815 0.0132707095664
0.00946224413268 0.9143999815 0.0119754998464
0.00946223510485 0.9143999815 0.011975495486
0.00621776176005 0.9143999815 0.0116145235668
0.00621774968254 0.9143999815 0.0116145227223
-0.00114897210225 0.9143999815 0.0157192538864
-0.00114899893709 0.9143999815 0.0157192688208
-0.00841230466073 0.9143999815 0.0185203048288
-0.00841233098922 0.9143999815 0.018520314195
-0.0116228144006 0.9143999815 0.015944161615
-0.0116228258217 0.9143999815 0.0159441514836
-0.0135904070012 0.9143999815 0.0123461865069
-0.0135904144511 0.9143999815 0.0123461729141
-0.0141152135323 0.9143999815 0.00810866896412
-0.0141152152861 0.9143999815 0.0081086539051
-0.0136566361648 0.9143999815 0.00390162766305
-0.0136566341321 0.9143999815 0.00390161192651
-0.012068182615 0.9143999815 0.000101139012049
-0.0120681769918 0.9143999815 0.000101125401144
-0.00934370568672 0.9143999815 -0.00299695655974
-0.00934369555186 0.9143999815 -0.00299696798761
-0.00655038305342 0.9143999815 -0.00533273949164
-0.00655037311346 0.9143999815 -0.00533274813231
-0.00396884220784 0.9143999815 -0.00708899274308
-0.00396883289422 0.9143999815 -0.00708899909286
-0.00172880522264 0.9143999815 -0.00869297056319
-0.00172879711171 0.9143999815 -0.00869297641455
-9.32564791094e-05 0.9143999815 -0.0107554015215
-9.32505267339e-05 0.9143999815 -0.0107554090416
0.00154309888328 0.9143999815 -0.0131813849433
0.00154310481699 0.9143999815 -0.0131813938651
0.00366323010992 0.9143999815 -0.0155886746989
0.00366323772755 0.9143999815 -0.0155886835019
0.0061964060953 0.9143999815 -0.0177830378852
0.00619641550544 0.9143999815 -0.0177830456296
0.00897589932067 0.9143999815 -0.0195790304125
0.00897590913167 0.9143999815 -0.0195790371947
0.0118766900839 0.9143999815 -0.0209887031698
0.0118767006988 0.9143999815 -0.0209887080312
0.0148070416006 0.9143999815 -0.0221862448926
0.0148070521407 0.9143999815 -0.022186248827
0.0177414824562 0.9143999815 -0.0232445245221
0.0177414939341 0.9143999815 -0.0232445283909
0.0206874047088 0.9143999815 -0.0241628720322
0.020687416121 0.9143999815 -0.0241628749633
0.0236377231005 0.9143999815 -0.0249721789157
0.0236377345034 0.9143999815 -0.0249721818574
0.0265798820781 0.9143999815 -0.0257233854115
0.0265798934903 0.9143999815 -0.0257233883425
0.0295136806754 0.9143999815 -0.0264343914115
0.0295136920876 0.9143999815 -0.0264343943426
0.0324428419494 0.9143999815 -0.0271013235532
0.0324428533624 0.9143999815 -0.0271013264943
0.0353691727849 0.9143999815 -0.0277282324016
0.0353691841979 0.9143999815 -0.0277282353426
0.0382916310363 0.9143999815 -0.0283277178357
0.0382916424392 0.9143999815 -0.0283277207774
0.041209972179 0.9143999815 -0.0289053350549
0.0412099835913 0.9143999815 -0.028905337986
0.0445376183688 0.9143999815 -0.0273185508743
0.0445376291317 0.9143999815 -0.0273185445181
0.047886856733 0.9143999815 -0.025458923728
0.0478868674858 0.9143999815 -0.0254589173725
0.0508228595925 0.9143999815 -0.0255861020918
0.0508228708751 0.9143999815 -0.0255861031673
0.0537330352106 0.9143999815 -0.0258154929372
0.0537330464938 0.9143999815 -0.0258154940228
0.056639564446 0.9143999815 -0.0260361557003
0.0566395757285 0.9143999815 -0.0260361567759
0.059542748766 0.9143999815 -0.0262504256905
0.0595427600485 0.9143999815 -0.0262504267661
0.0624412490816 0.9143999815 -0.0264722100449
0.0624412603541 0.9143999815 -0.0264722111211
0.0653253739077 0.9143999815 -0.0267811239258
0.0653253814693 0.9143999815 -0.0267811252616
0.0681994178237 0.9143999815 -0.027157621877
0.068199425386 0.9143999815 -0.0271576232227
0.0710759570467 0.9143999815 -0.027514584417
0.0710759646083 0.9143999815 -0.0275145857528
0.0739547445137 0.9143999815 -0.0278529642709
0.0739547520753 0.9143999815 -0.0278529656067
0.0768355619965 0.9143999815 -0.0281735926665
0.0768355695581 0.9143999815 -0.0281735940023
0.0797182288622 0.9143999815 -0.0284771973768
0.0797182364238 0.9143999815 -0.0284771987126
0.0826025687705 0.9143999815 -0.0287644610556
0.0826025763321 0.9143999815 -0.0287644623914
0.0854884287456 0.9143999815 -0.0290360796492
0.0854884363179 0.9143999815 -0.0290360809943
0.0883812384025 0.9143999815 -0.0292931187026
0.0883812459641 0.9143999815 -0.0292931200384
0.0883812535364 0.9143999815 -0.0292931213834
0.091322858816 0.9143999815 -0.0295392963418
0.0913228663776 0.9143999815 -0.0295392976776
0.0943822868095 0.9143999815 -0.029779743711
0.0943823018029 0.9143999815 -0.0297797445271
0.0975959142134 0.9143999815 -0.0300160126647
0.0975959292075 0.9143999815 -0.0300160134907
0.100971440022 0.9143999815 -0.0302469094703
0.100971455015 0.9143999815 -0.0302469102864
0.104516931489 0.9143999815 -0.0304711660556
0.104516946483 0.9143999815 -0.0304711668717
0.108240878926 0.9143999815 -0.0306873709081
0.10824089392 0.9143999815 -0.0306873717242
0.112152144397 0.9143999815 -0.0308939800505
0.112152159392 0.9143999815 -0.0308939808765
0.116260061862 0.9143999815 -0.0310893624053
0.116260076855 0.9143999815 -0.0310893632214
0.12057439341 0.9143999815 -0.0312717075335
0.120574408403 0.9143999815 -0.0312717083496
0.125105400263 0.9143999815 -0.0314390804951
0.125105415257 0.9143999815 -0.0314390813212
0.129863814343 0.9143999815 -0.0315894424925
0.129863829206 0.9143999815 -0.0315894414531
0.13486093 0.9143999815 -0.0317205734638
0.134860944863 0.9143999815 -0.0317205724245
0.140039213843 0.9143999815 -0.031829139795
0.140039228707 0.9143999815 -0.0318291387556
0.145272840275 0.9143999815 -0.0319118443845
0.145272855138 0.9143999815 -0.0319118433451
0.150503014899 0.9143999815 -0.0319682575252
0.150503029763 0.9143999815 -0.0319682564858
0.15573340909 0.9143999815 -0.0319996125193
0.155733424054 0.9143999815 -0.031999611473
0.160963886738 0.9143999815 -0.0320069533044
0.160963901602 0.9143999815 -0.032006952265
0.166194338762 0.9143999815 -0.0319912845869
0.166194353626 0.9143999815 -0.0319912835475
0.171424696354 0.9143999815 -0.0319535447726
0.171424711217 0.9143999815 -0.0319535437332
0.176654855263 0.9143999815 -0.0318945926055
0.176654870126 0.9143999815 -0.0318945915661
0.181884740443 0.9143999815 -0.0318152772791
0.181884755306 0.9143999815 -0.0318152762397
0.187114305439 0.9143999815 -0.0317164311014
0.187114320303 0.9143999815 -0.031716430062
0.192343479617 0.9143999815 -0.0315987498646
0.19234349448 0.9143999815 -0.0315987488252
0.197572205244 0.9143999815 -0.0314629060539
0.197572220108 0.9143999815 -0.0314629050145
0.202800456599 0.9143999815 -0.0313095998093
0.202800471462 0.9143999815 -0.0313095987699
0.208028175469 0.9143999815 -0.0311394924422
0.208028190333 0.9143999815 -0.0311394914028
0.213255358323 0.9143999815 -0.0309531742469
0.213255373187 0.9143999815 -0.0309531732075
0.218481954859 0.9143999815 -0.0307512088854
0.218481969722 0.9143999815 -0.030751207846
0.223707944339 0.9143999815 -0.0305341542332
0.223707959203 0.9143999815 -0.0305341531938
0.22893333196 0.9143999815 -0.030302510346
0.228933346824 0.9143999815 -0.0303025093066
0.234158047877 0.9143999815 -0.0300567750384
0.234158062741 0.9143999815 -0.0300567739991
0.239382110748 0.9143999815 -0.0297974287394
0.239382125612 0.9143999815 -0.0297974277
0.244605521251 0.9143999815 -0.0295249083357
0.244605536115 0.9143999815 -0.0295249072964
0.24982823505 0.9143999815 -0.0292396463639
0.249828249914 0.9143999815 -0.0292396453245
0.255050251064 0.9143999815 -0.0289420574293
0.255050280792 0.9143999815 -0.0289420553505
0.260271595998 0.9143999815 -0.0286325205722
0.260271625726 0.9143999815 -0.0286325184935
0.265492251148 0.9143999815 -0.0283114105404
0.265492280876 0.9143999815 -0.0283114084617
0.270712151759 0.9143999815 -0.0279790828871
0.270712181486 0.9143999815 -0.0279790808084
0.275931380572 0.9143999815 -0.027635867925
0.275931410399 0.9143999815 -0.0276358658393
0.28114993041 0.9143999815 -0.0272820873185
0.281149960137 0.9143999815 -0.0272820852398
0.286367733297 0.9143999815 -0.0269180520267
0.286367763025 0.9143999815 -0.026918049948
0.29158486818 0.9143999815 -0.0265440366215
0.291584897907 0.9143999815 -0.0265440345428
0.296801265365 0.9143999815 -0.0261603260486
0.296801295092 0.9143999815 -0.0261603239699
0.30201697277 0.9143999815 -0.0257671783739
0.302017002498 0.9143999815 -0.0257671762952
0.30723197782 0.9143999815 -0.0253648409373
0.307232007547 0.9143999815 -0.0253648388586
0.312446296364 0.9143999815 -0.0249535404253
0.312446326092 0.9143999815 -0.0249535383466
0.317659914169 0.9143999815 -0.0245335018991
0.317659943896 0.9143999815 -0.0245334998203
0.322872845206 0.9143999815 -0.0241049223137
0.322872874933 0.9143999815 -0.024104920235
0.32808507342 0.9143999815 -0.023668000694
0.328085103148 0.9143999815 -0.0236679986153
0.333296611967 0.9143999815 -0.0232229265941
0.333296641694 0.9143999815 -0.0232229245154
0.338507472738 0.9143999815 -0.0227698672317
0.338507502466 0.9143999815 -0.022769865153
0.3437176375 0.9143999815 -0.0223089919111
0.343717667228 0.9143999815 -0.0223089898324
0.348927117008 0.9143999815 -0.0218404529934
0.348927146735 0.9143999815 -0.0218404509147
0.354135918538 0.9143999815 -0.0213643545444
0.354135948265 0.9143999815 -0.0213643524656
0.359344021457 0.9143999815 -0.0208808287052
0.359344051185 0.9143999815 -0.0208808266264
0.364551435381 0.9143999815 -0.02039001297
0.364551465108 0.9143999815 -0.0203900108913
0.369758168265 0.9143999815 -0.0198920225547
0.369758197993 0.9143999815 -0.0198920204759
0.374964258353 0.9143999815 -0.019386974286
0.37496428808 0.9143999815 -0.0193869722073
0.380169619899 0.9143999815 -0.0188749264371
0.380169649627 0.9143999815 -0.0188749243584
0.385374314539 0.9143999815 -0.0183559045809
0.385374344267 0.9143999815 -0.0183559025022
0.390578319561 0.9143999815 -0.0178300111213
0.390578349288 0.9143999815 -0.0178300090425
0.39578164198 0.9143999815 -0.017297346403
0.395781671708 0.9143999815 -0.0172973443243
0.400984283617 0.9143999815 -0.0167579364428
0.400984313345 0.9143999815 -0.016757934364
0.406186186735 0.9143999815 -0.0162118114114
0.406186216463 0.9143999815 -0.0162118093326
0.411387382722 0.9143999815 -0.0156589915286
0.411387412449 0.9143999815 -0.0156589894499
0.416587901403 0.9143999815 -0.0150994747089
0.416587931131 0.9143999815 -0.0150994726302
0.421787654857 0.9143999815 -0.0145332894949
0.421787684585 0.9143999815 -0.0145332874161
0.426986703098 0.9143999815 -0.0139604354291
0.426986732825 0.9143999815 -0.0139604333503
0.432185016039 0.9143999815 -0.0133809108863
0.432185045766 0.9143999815 -0.0133809088075
0.437382593839 0.9143999815 -0.0127947195944
0.437382623567 0.9143999815 -0.0127947175156
0.442579376365 0.9143999815 -0.0122018545411
0.442579406092 0.9143999815 -0.0122018524623
0.447775388665 0.9143999815 -0.0116022467611
0.447775418393 0.9143999815 -0.0116022446823
0.452970627524 0.9143999815 -0.0109958516801
0.452970657251 0.9143999815 -0.0109958496014
0.458165090539 0.9143999815 -0.0103826320951
0.458165120266 0.9143999815 -0.0103826300164
0.463358683133 0.9143999815 -0.00976251995765
0.46335871286 0.9143999815 -0.00976251787891
0.468551461123 0.9143999815 -0.00913545906734
0.46855149085 0.9143999815 -0.0091354569886
0.473743391342 0.9143999815 -0.00850139946601
0.473743421069 0.9143999815 -0.00850139738727
0.478934436068 0.9143999815 -0.00786023176856
0.478934465796 0.9143999815 -0.00786022968982
0.484124649139 0.9143999815 -0.00721187004021
0.484124678866 0.9143999815 -0.00721186796147
0.489313905407 0.9143999815 -0.00655623341371
0.489313935134 0.9143999815 -0.00655623133497
0.494502225926 0.9143999815 -0.00589319718674
0.494502255523 0.9143999815 -0.00589319325252
0.499689572491 0.9143999815 -0.00522264078056
0.499689602089 0.9143999815 -0.00522263684634
0.504875907741 0.9143999815 -0.004544458534
0.50487590761 0.9143999815 -0.00454445666855
0.510061225637 0.9143999815 -0.00385856122096
0.510061225507 0.9143999815 -0.00385855936549
0.515245515615 0.9143999815 -0.00316480208079
0.515245515486 0.9143999815 -0.00316480022532
0.520428766673 0.9143999815 -0.00246301944728
0.520428766542 0.9143999815 -0.00246301758184
0.525281721067 0.9143999815 -0.00179886949559
0.525281720937 0.9143999815 -0.00179886764012
0.529113303758 0.9143999815 -0.00126969635905
0.529113303758 0.9143999815 -0.00126969635905
0.53166431393 0.9143999815 -0.000914744921114
0.53166431393 0.9143999815 -0.000914744921114
0.533022682765 0.9143999815 -0.000687570555765
0.533400010388 0.9143999815 -0.000522730970399
0.533400010388 0.9143999815 -0.000522730970399
0.533400022814 0.9143999815 -0.000373377024922
0.533400022814 0.9143999815 -0.000373377024922
0.533400035369 0.9143999815 -0.000224024934914
0.533400035369 0.9143999815 -0.000224024934914
0.53339998834 0.9143999815 -7.46751469223e-05
0.53339998834 0.9143999815 -7.46751469223e-05
0.533399941311 0.9143999815 7.4674641069e-05
0.533399941311 0.9143999815 7.4674641069e-05
0.533400013191 0.9143999815 0.000224032744032
0.533400013191 0.9143999815 0.000224032744032
0.533399966292 0.9143999815 0.000373380676554
0.533399966292 0.9143999815 0.000373380676554
0.533399978848 0.9143999815 0.000522732766562
0.533399978848 0.9143999815 0.000522732766562
0.533399978848 0.9143999815 0.000522732766562
0.533022419597 0.9143999815 0.000687614027069

ZONE T="SLICE_Y_0p9144_BINS03_KS_0p5334mm_SINGLE_LAYER"
0.533022419597 0.9143999815 0.000687614027069
0.531663041199 0.9143999815 0.000914927988936
0.531663041069 0.9143999815 0.000914929844405
0.529110172117 0.9143999815 0.00127013259445
0.529110171988 0.9143999815 0.00127013444992
0.525267754383 0.9143999815 0.0018007901277
0.525267754123 0.9143999815 0.00180079383864
0.520386900555 0.9143999815 0.00246869821635
0.520386900295 0.9143999815 0.00246870193727
0.515167486488 0.9143999815 0.00317528119662
0.515167486227 0.9143999815 0.00317528491754
0.509947027305 0.9143999815 0.00387373975269
0.509947027045 0.9143999815 0.00387374347361
0.504725452769 0.9143999815 0.00456422396045
0.504725452509 0.9143999815 0.00456422768137
0.499502931268 0.9143999815 0.00524688749057
0.499502901281 0.9143999815 0.00524688913274
0.494279367614 0.9143999815 0.00592181145053
0.494279337627 0.9143999815 0.00592181309271
0.489054812946 0.9143999815 0.00658911891744
0.489054782958 0.9143999815 0.00658912055961
0.483829316714 0.9143999815 0.0072489571194
0.483829286626 0.9143999815 0.00724895875459
0.47860287284 0.9143999815 0.00790141153071
0.478602842853 0.9143999815 0.0079014131629
0.473375535133 0.9143999815 0.00854656992864
0.473375505146 0.9143999815 0.00854657156084
0.468147326885 0.9143999815 0.00918452356023
0.468147296897 0.9143999815 0.0091845252024
0.462918242217 0.9143999815 0.00981535792367
0.462918212229 0.9143999815 0.00981535956584
0.457688304655 0.9143999815 0.0104391652147
0.457688274667 0.9143999815 0.0104391668568
0.452457569166 0.9143999815 0.011056010897
0.452457539179 0.9143999815 0.0110560125292
0.447226003526 0.9143999815 0.0116659300482
0.447225973539 0.9143999815 0.0116659316903
0.441993632558 0.9143999815 0.0122689963062
0.441993602571 0.9143999815 0.0122689979434
0.436760482996 0.9143999815 0.0128652516793
0.436760453009 0.9143999815 0.0128652533165
0.431526615275 0.9143999815 0.0134546891902
0.431526585221 0.9143999815 0.0134546903565
0.426291937999 0.9143999815 0.0140373313913
0.426291908044 0.9143999815 0.0140373325637
0.421056537397 0.9143999815 0.0146132281893
0.421056507442 0.9143999815 0.0146132293626
0.415820353625 0.9143999815 0.0151823824026
0.41582032367 0.9143999815 0.0151823835759
0.410583476677 0.9143999815 0.0157447872532
0.410583446722 0.9143999815 0.0157447884265
0.40534584789 0.9143999815 0.0163004258029
0.405345817936 0.9143999815 0.0163004269752
0.400107528138 0.9143999815 0.0168492848026
0.400107498176 0.9143999815 0.0168492860916
0.394868489311 0.9143999815 0.0173913376046
0.394868459352 0.9143999815 0.0173913388356
0.389628795555 0.9143999815 0.0179265212706
0.389628765599 0.9143999815 0.0179265224594
0.38438833374 0.9143999815 0.0184547448326
0.384388303786 0.9143999815 0.0184547460056
0.379147164599 0.9143999815 0.0189759941828
0.379147134645 0.9143999815 0.0189759953552
0.373905348721 0.9143999815 0.0194902572492
0.373905318766 0.9143999815 0.0194902584225
0.368662835308 0.9143999815 0.01999740608
0.368662805353 0.9143999815 0.0199974072523
0.363419605043 0.9143999815 0.020497289713
0.363419575088 0.9143999815 0.0204972908864
0.35817568967 0.9143999815 0.0209898828291
0.358175659715 0.9143999815 0.0209898840024
0.352931094528 0.9143999815 0.0214751062115
0.352931064573 0.9143999815 0.0214751073848
0.347685803631 0.9143999815 0.021952762688
0.347685773676 0.9143999815 0.0219527638603
0.342439825916 0.9143999815 0.022422725912
0.342439795961 0.9143999815 0.0224227270853
0.33719310975 0.9143999815 0.0228848769763
0.337193079828 0.9143999815 0.0228848776848
0.331945756275 0.9143999815 0.0233390539718
0.331945726353 0.9143999815 0.0233390546802
0.326697658468 0.9143999815 0.0237850771639
0.326697628545 0.9143999815 0.0237850778784
0.321448887441 0.9143999815 0.024222782544
0.321448857519 0.9143999815 0.0242227832584
0.316199426401 0.9143999815 0.0246519859607
0.316199396479 0.9143999815 0.0246519866751
0.310949229726 0.9143999815 0.0250724825627
0.310949199804 0.9143999815 0.0250724832672
0.305698342545 0.9143999815 0.0254840570337
0.305698312622 0.9143999815 0.0254840577481
0.300446750912 0.9143999815 0.0258864787489
0.300446720989 0.9143999815 0.0258864794633
0.295194412268 0.9143999815 0.0262795047879
0.295194382346 0.9143999815 0.0262795055023
0.289941403669 0.9143999815 0.0266628847458
0.289941373812 0.9143999815 0.0266628845225
0.284687655199 0.9143999815 0.0270363383026
0.284687625341 0.9143999815 0.0270363380893
0.279433216008 0.9143999815 0.0273995897655
0.27943318615 0.9143999815 0.0273995895522
0.274178047431 0.9143999815 0.0277523376828
0.274178017573 0.9143999815 0.0277523374595
0.268922171816 0.9143999815 0.028094262445
0.268922141959 0.9143999815 0.0280942622218
0.263665552318 0.9143999815 0.0284250365842
0.26366552246 0.9143999815 0.0284250363709
0.258408272716 0.9143999815 0.0287443149437
0.258408242859 0.9143999815 0.0287443147205
0.253150240159 0.9143999815 0.0290517194456
0.253150210301 0.9143999815 0.0290517192323
0.247891495686 0.9143999815 0.0293468739264
0.247891480693 0.9143999815 0.0293468747425
0.24263209784 0.9143999815 0.0296293698244
0.242632082846 0.9143999815 0.0296293706405
0.237372001826 0.9143999815 0.0298987782904
0.237371986832 0.9143999815 0.0298987791065
0.232111238767 0.9143999815 0.0301546571081
0.232111223774 0.9143999815 0.0301546579242
0.226849795967 0.9143999815 0.0303965441864
0.226849780974 0.9143999815 0.0303965450025
0.221587722691 0.9143999815 0.0306239500393
0.221587707697 0.9143999815 0.0306239508554
0.216325024712 0.9143999815 0.0308363634643
0.216325009718 0.9143999815 0.0308363642804
0.211061709693 0.9143999815 0.0310332491019
0.211061694699 0.9143999815 0.031033249918
0.205797817394 0.9143999815 0.0312140383705
0.2057978024 0.9143999815 0.0312140391866
0.200533389522 0.9143999815 0.0313781348266
0.200533374529 0.9143999815 0.0313781356427
0.195268456721 0.9143999815 0.0315248852165
0.195268441727 0.9143999815 0.0315248860326
0.19000305152 0.9143999815 0.0316536121692
0.190003036526 0.9143999815 0.0316536129853
0.184737219557 0.9143999815 0.031763661615
0.184737204563 0.9143999815 0.0317636624311
0.179471011863 0.9143999815 0.0318543051895
0.17947099687 0.9143999815 0.0318543060056
0.174204501383 0.9143999815 0.0319247133503
0.17420448639 0.9143999815 0.0319247141664
0.168937758591 0.9143999815 0.0319740918686
0.168937743597 0.9143999815 0.0319740926946
0.163670858409 0.9143999815 0.0320015814776
0.163670843415 0.9143999815 0.0320015823037
0.158403882845 0.9143999815 0.032006224435
0.158403867851 0.9143999815 0.032006225261
0.153136944474 0.9143999815 0.0319870502093
0.153136929481 0.9143999815 0.0319870510254
0.147870163708 0.9143999815 0.0319429805135
0.147870148714 0.9143999815 0.0319429813296
0.14260233369 0.9143999815 0.0318729002552
0.142602318697 0.9143999815 0.0318729010713
0.137395027744 0.9143999815 0.0317772275609
0.137395012881 0.9143999815 0.0317772265215
0.132372216959 0.9143999815 0.0316588897372
0.132372202095 0.9143999815 0.0316588886978
0.127589248499 0.9143999815 0.0315210400084
0.127589233635 0.9143999815 0.031521038969
0.123034793026 0.9143999815 0.0313659110183
0.123034778162 0.9143999815 0.031365909979
0.118698043979 0.9143999815 0.0311955217376
0.118698029115 0.9143999815 0.0311955206982
0.114568700635 0.9143999815 0.0310118107664
0.114568685772 0.9143999815 0.031011809727
0.110636947669 0.9143999815 0.0308166161796
0.110636932805 0.9143999815 0.0308166151402
0.106893412351 0.9143999815 0.0306116352533
0.106893397488 0.9143999815 0.0306116342139
0.103329184999 0.9143999815 0.0303983586104
0.103329170136 0.9143999815 0.030398357571
0.0999357373549 0.9143999815 0.0301781579211
0.0999357224912 0.9143999815 0.0301781568817
0.0967049689741 0.9143999815 0.0299523750256
0.0967049541104 0.9143999815 0.0299523739862
0.0936291414129 0.9143999815 0.0297221978209
0.0936291265492 0.9143999815 0.0297221967816
0.0907008744902 0.9143999815 0.0294887085481
0.0907008670484 0.9143999815 0.0294887080277
0.087857958963 0.9143999815 0.0292478745262
0.0878579515311 0.9143999815 0.0292478740065
0.0878579440993 0.9143999815 0.0292478734868
0.0850069857993 0.9143999815 0.0289918569456
0.0821353426392 0.9143999815 0.0287190194966
0.0821353352074 0.9143999815 0.0287190189769
0.0792652060679 0.9143999815 0.0284306179185
0.0792651986361 0.9143999815 0.0284306173988
0.0763967605625 0.9143999815 0.0281259368972
0.0763967531306 0.9143999815 0.0281259363775
0.0735301685441 0.9143999815 0.0278042558475
0.0735301611123 0.9143999815 0.0278042553278
0.0706656272336 0.9143999815 0.0274648902392
0.0706656198017 0.9143999815 0.0274648897195
0.067803345587 0.9143999815 0.0271069882935
0.0678033381552 0.9143999815 0.0271069877738
0.0649435690232 0.9143999815 0.0267296037048
0.0649435615914 0.9143999815 0.0267296031852
0.0620865591334 0.9143999815 0.026331772633
0.0620865517016 0.9143999815 0.0263317721133
0.0592326418833 0.9143999815 0.0259124647563
0.0592326307405 0.9143999815 0.0259124639772
0.0563821548972 0.9143999815 0.0254704302719
0.0563821437444 0.9143999815 0.0254704294921
0.0535355153342 0.9143999815 0.0250042960745
0.0535355043112 0.9143999815 0.0250042934392
0.0506931827182 0.9143999815 0.0245126173594
0.0506931717051 0.9143999815 0.0245126147247
0.0478556926425 0.9143999815 0.0239937697808
0.0478556816301 0.9143999815 0.0239937671362
0.0450236968332 0.9143999815 0.0234458028596
0.0450236858101 0.9143999815 0.0234458002243
0.0421979347242 0.9143999815 0.0228665799814
0.0421979237019 0.9143999815 0.0228665773361
0.0393793017184 0.9143999815 0.0222537102323
0.0393792906954 0.9143999815 0.0222537075969
0.0365688856635 0.9143999815 0.0216042934118
0.0365688746412 0.9143999815 0.0216042907665
0.0337680004757 0.9143999815 0.0209150268089
0.0337679894527 0.9143999815 0.0209150241736
0.0309782564633 0.9143999815 0.0201821075395
0.0309782454402 0.9143999815 0.0201821049041
0.0282017208246 0.9143999815 0.0194008329184
0.0282017098115 0.9143999815 0.0194008302837
0.0254409855451 0.9143999815 0.0185656444432
0.0254409763783 0.9143999815 0.0185656419276
0.0226846319881 0.9143999815 0.0177116124296
0.0226846228313 0.9143999815 0.0177116099147
0.0199147851095 0.9143999815 0.0168809589283
0.0199147740865 0.9143999815 0.016880956293
0.0171397774348 0.9143999815 0.0160325199035
0.0171397664218 0.9143999815 0.0160325172689
0.0143719157986 0.9143999815 0.0151163869321
0.0143719047855 0.9143999815 0.0151163842974
0.0116069974037 0.9143999815 0.0141221291427
0.0116069874488 0.9143999815 0.0141221247075
0.00881891821581 0.9143999815 0.0130595425625
0.00881890825027 0.9143999815 0.0130595381366
0.0059162537182 0.9143999815 0.0121085483586
0.00591624316473 0.9143999815 0.0121085457461
-0.000136407531107 0.9143999815 0.0146164030611
-0.000136429679107 0.9143999815 0.0146164127096
-0.0074631906718 0.9143999815 0.0175051052186
-0.00746321713004 0.9143999815 0.0175051164403
-0.0115857799965 0.9143999815 0.0159185473594
-0.0115857944703 0.9143999815 0.0159185407436
-0.0135151282239 0.9143999815 0.0123071737558
-0.0135151356739 0.9143999815 0.012307160163
-0.0140153388918 0.9143999815 0.00807375118891
-0.0140153406356 0.9143999815 0.00807373613059
-0.0135536967743 0.9143999815 0.00388348246114
-0.0135536948072 0.9143999815 0.00388346766231
-0.0119718398841 0.9143999815 0.000100748870865
-0.0119718342609 0.9143999815 0.00010073525996
-0.00925668367876 0.9143999815 -0.00298209091035
-0.00925667354391 0.9143999815 -0.00298210233822
-0.00647070538968 0.9143999815 -0.00530462665933
-0.00647069544972 0.9143999815 -0.0053046353
-0.00389479379755 0.9143999815 -0.0070488287015
-0.00389478448385 0.9143999815 -0.00704883505228
-0.00166113337124 0.9143999815 -0.00864275184298
-0.00166112526438 0.9143999815 -0.00864275763619
-3.20633929762e-05 0.9143999815 -0.0106967376724
-3.20574696996e-05 0.9143999815 -0.0106967451935
0.00159825395811 0.9143999815 -0.0131155965826
0.00159825994978 0.9143999815 -0.0131156055004
0.00371236427971 0.9143999815 -0.0155176824409
0.00371237189634 0.9143999815 -0.015517691244
0.00623996645483 0.9143999815 -0.0177086277117
0.00623997586597 0.9143999815 -0.0177086354561
0.00901428404317 0.9143999815 -0.0195035686887
0.00901429385417 0.9143999815 -0.0195035754708
0.011909434556 0.9143999815 -0.0209161864338
0.0119094451709 0.9143999815 -0.0209161912952
0.0148331212941 0.9143999815 -0.0221221951332
0.0148331318342 0.9143999815 -0.0221221990675
0.0177610111961 0.9143999815 -0.0231918111189
0.017761022674 0.9143999815 -0.0231918149876
0.0207017812984 0.9143999815 -0.0241205644028
0.0207017927106 0.9143999815 -0.0241205673338
0.0236481077289 0.9143999815 -0.0249390849554
0.0236481191312 0.9143999815 -0.0249390878872
0.0265871048466 0.9143999815 -0.0256986124309
0.0265871162595 0.9143999815 -0.0256986153719
0.0295182862375 0.9143999815 -0.0264174774723
0.0295182976405 0.9143999815 -0.026417480414
0.032445230844 0.9143999815 -0.0270919885828
0.032445242257 0.9143999815 -0.0270919915239
0.035369766011 0.9143999815 -0.0277258214573
0.0353697774133 0.9143999815 -0.027725824389
0.0384329848977 0.9143999815 -0.0276731400301
0.0384329960504 0.9143999815 -0.0276731392502
0.04176003071 0.9143999815 -0.0262436435447
0.0417600415926 0.9143999815 -0.0262436390446
0.0449427269303 0.9143999815 -0.0253300767566
0.0449427379434 0.9143999815 -0.0253300741219
0.0478549482993 0.9143999815 -0.0256335828387
0.0478549595818 0.9143999815 -0.0256335839143
0.0507628418542 0.9143999815 -0.0259265730276
0.0507628531275 0.9143999815 -0.0259265741139
0.0536650797336 0.9143999815 -0.0262230619794
0.0536650910062 0.9143999815 -0.0262230630557
0.0565590248281 0.9143999815 -0.0265468055474
0.0565590361007 0.9143999815 -0.0265468066237
0.0594455240316 0.9143999815 -0.026901210023
0.0594455353141 0.9143999815 -0.0269012110986
0.0623294138397 0.9143999815 -0.0272614489533
0.0623294251222 0.9143999815 -0.0272614500289
0.0652141251675 0.9143999815 -0.0276072679811
0.0652141327298 0.9143999815 -0.0276072693268
0.0681002803369 0.9143999815 -0.0279348033234
0.0681002878985 0.9143999815 -0.0279348046592
0.0709876946815 0.9143999815 -0.0282449921448
0.0709877022431 0.9143999815 -0.0282449934806
0.0738762540133 0.9143999815 -0.0285387648272
0.0738762615749 0.9143999815 -0.0285387661629
0.0767658786255 0.9143999815 -0.0288167972568
0.0767658861871 0.9143999815 -0.0288167985926
0.0796564846705 0.9143999815 -0.029079599445
0.0796564922328 0.9143999815 -0.0290796007908
0.0825479915791 0.9143999815 -0.0293277278576
0.0825479991407 0.9143999815 -0.0293277291934
0.0854403054461 0.9143999815 -0.0295617622774
0.0854403130077 0.9143999815 -0.0295617636132
0.0883389607733 0.9143999815 -0.0297825592535
0.0883389683349 0.9143999815 -0.0297825605893
0.0883389758965 0.9143999815 -0.0297825619251
0.0912859463101 0.9143999815 -0.0299932061996
0.0912859538717 0.9143999815 -0.0299932075354
0.0943503745285 0.9143999815 -0.0301979243362
0.094350389522 0.9143999815 -0.0301979251523
0.0975687164679 0.9143999815 -0.03039790334
0.097568731462 0.9143999815 -0.0303979041661
0.100948626255 0.9143999815 -0.0305920553061
0.100948641248 0.9143999815 -0.0305920561222
0.104498165982 0.9143999815 -0.0307791461352
0.104498180975 0.9143999815 -0.0307791469513
0.108225789742 0.9143999815 -0.0309578844738
0.108225804736 0.9143999815 -0.0309578852999
0.112140372631 0.9143999815 -0.0311270223467
0.112140387624 0.9143999815 -0.0311270231628
0.116251198863 0.9143999815 -0.0312850702814
0.116251213857 0.9143999815 -0.0312850710975
0.120568052388 0.9143999815 -0.0314302107367
0.120568067382 0.9143999815 -0.0314302115627
0.125101171821 0.9143999815 -0.0315605066242
0.125101186815 0.9143999815 -0.0315605074503
0.129861321196 0.9143999815 -0.0316738421991
0.129861336059 0.9143999815 -0.0316738411597
0.134859764354 0.9143999815 -0.0317679883254
0.134859779217 0.9143999815 -0.031767987286
0.140038911667 0.9143999815 -0.0318436167288
0.140038926531 0.9143999815 -0.0318436156895
0.145272840275 0.9143999815 -0.0319118443845
0.145272855138 0.9143999815 -0.0319118433451
0.150503014899 0.9143999815 -0.0319682575252
0.150503029763 0.9143999815 -0.0319682564858
0.15573340909 0.9143999815 -0.0319996125193
0.155733424054 0.9143999815 -0.031999611473
0.160963886738 0.9143999815 -0.0320069533044
0.160963901602 0.9143999815 -0.032006952265
0.166194338762 0.9143999815 -0.0319912845869
0.166194353626 0.9143999815 -0.0319912835475
0.171424696354 0.9143999815 -0.0319535447726
0.171424711217 0.9143999815 -0.0319535437332
0.176654855263 0.9143999815 -0.0318945926055
0.176654870126 0.9143999815 -0.0318945915661
0.181884740443 0.9143999815 -0.0318152772791
0.181884755306 0.9143999815 -0.0318152762397
0.187114305439 0.9143999815 -0.0317164311014
0.187114320303 0.9143999815 -0.031716430062
0.192343479617 0.9143999815 -0.0315987498646
0.19234349448 0.9143999815 -0.0315987488252
0.197572205244 0.9143999815 -0.0314629060539
0.197572220108 0.9143999815 -0.0314629050145
0.202800456599 0.9143999815 -0.0313095998093
0.202800471462 0.9143999815 -0.0313095987699
0.208028175469 0.9143999815 -0.0311394924422
0.208028190333 0.9143999815 -0.0311394914028
0.213255358323 0.9143999815 -0.0309531742469
0.213255373187 0.9143999815 -0.0309531732075
0.218481954859 0.9143999815 -0.0307512088854
0.218481969722 0.9143999815 -0.030751207846
0.223707944339 0.9143999815 -0.0305341542332
0.223707959203 0.9143999815 -0.0305341531938
0.22893333196 0.9143999815 -0.030302510346
0.228933346824 0.9143999815 -0.0303025093066
0.234158047877 0.9143999815 -0.0300567750384
0.234158062741 0.9143999815 -0.0300567739991
0.239382110748 0.9143999815 -0.0297974287394
0.239382125612 0.9143999815 -0.0297974277
0.244605521251 0.9143999815 -0.0295249083357
0.244605536115 0.9143999815 -0.0295249072964
0.24982823505 0.9143999815 -0.0292396463639
0.249828249914 0.9143999815 -0.0292396453245
0.255050251064 0.9143999815 -0.0289420574293
0.255050280792 0.9143999815 -0.0289420553505
0.260271595998 0.9143999815 -0.0286325205722
0.260271625726 0.9143999815 -0.0286325184935
0.265492251148 0.9143999815 -0.0283114105404
0.265492280876 0.9143999815 -0.0283114084617
0.270712151759 0.9143999815 -0.0279790828871
0.270712181486 0.9143999815 -0.0279790808084
0.275931380572 0.9143999815 -0.027635867925
0.275931410399 0.9143999815 -0.0276358658393
0.28114993041 0.9143999815 -0.0272820873185
0.281149960137 0.9143999815 -0.0272820852398
0.286367733297 0.9143999815 -0.0269180520267
0.286367763025 0.9143999815 -0.026918049948
0.29158486818 0.9143999815 -0.0265440366215
0.291584897907 0.9143999815 -0.0265440345428
0.296801265365 0.9143999815 -0.0261603260486
0.296801295092 0.9143999815 -0.0261603239699
0.30201697277 0.9143999815 -0.0257671783739
0.302017002498 0.9143999815 -0.0257671762952
0.30723197782 0.9143999815 -0.0253648409373
0.307232007547 0.9143999815 -0.0253648388586
0.312446296364 0.9143999815 -0.0249535404253
0.312446326092 0.9143999815 -0.0249535383466
0.317659914169 0.9143999815 -0.0245335018991
0.317659943896 0.9143999815 -0.0245334998203
0.322872845206 0.9143999815 -0.0241049223137
0.322872874933 0.9143999815 -0.024104920235
0.32808507342 0.9143999815 -0.023668000694
0.328085103148 0.9143999815 -0.0236679986153
0.333296611967 0.9143999815 -0.0232229265941
0.333296641694 0.9143999815 -0.0232229245154
0.338507472738 0.9143999815 -0.0227698672317
0.338507502466 0.9143999815 -0.022769865153
0.3437176375 0.9143999815 -0.0223089919111
0.343717667228 0.9143999815 -0.0223089898324
0.348927117008 0.9143999815 -0.0218404529934
0.348927146735 0.9143999815 -0.0218404509147
0.354135918538 0.9143999815 -0.0213643545444
0.354135948265 0.9143999815 -0.0213643524656
0.359344021457 0.9143999815 -0.0208808287052
0.359344051185 0.9143999815 -0.0208808266264
0.364551435381 0.9143999815 -0.02039001297
0.364551465108 0.9143999815 -0.0203900108913
0.369758168265 0.9143999815 -0.0198920225547
0.369758197993 0.9143999815 -0.0198920204759
0.374964258353 0.9143999815 -0.019386974286
0.37496428808 0.9143999815 -0.0193869722073
0.380169619899 0.9143999815 -0.0188749264371
0.380169649627 0.9143999815 -0.0188749243584
0.385374314539 0.9143999815 -0.0183559045809
0.385374344267 0.9143999815 -0.0183559025022
0.390578319561 0.9143999815 -0.0178300111213
0.390578349288 0.9143999815 -0.0178300090425
0.39578164198 0.9143999815 -0.017297346403
0.395781671708 0.9143999815 -0.0172973443243
0.400984283617 0.9143999815 -0.0167579364428
0.400984313345 0.9143999815 -0.016757934364
0.406186186735 0.9143999815 -0.0162118114114
0.406186216463 0.9143999815 -0.0162118093326
0.411387382722 0.9143999815 -0.0156589915286
0.411387412449 0.9143999815 -0.0156589894499
0.416587901403 0.9143999815 -0.0150994747089
0.416587931131 0.9143999815 -0.0150994726302
0.421787654857 0.9143999815 -0.0145332894949
0.421787684585 0.9143999815 -0.0145332874161
0.426986703098 0.9143999815 -0.0139604354291
0.426986732825 0.9143999815 -0.0139604333503
0.432185016039 0.9143999815 -0.0133809108863
0.432185045766 0.9143999815 -0.0133809088075
0.437382593839 0.9143999815 -0.0127947195944
0.437382623567 0.9143999815 -0.0127947175156
0.442579376365 0.9143999815 -0.0122018545411
0.442579406092 0.9143999815 -0.0122018524623
0.447775388665 0.9143999815 -0.0116022467611
0.447775418393 0.9143999815 -0.0116022446823
0.452970627524 0.9143999815 -0.0109958516801
0.452970657251 0.9143999815 -0.0109958496014
0.458165090539 0.9143999815 -0.0103826320951
0.458165120266 0.9143999815 -0.0103826300164
0.463358683133 0.9143999815 -0.00976251995765
0.46335871286 0.9143999815 -0.00976251787891
0.468551461123 0.9143999815 -0.00913545906734
0.46855149085 0.9143999815 -0.0091354569886
0.473743391342 0.9143999815 -0.00850139946601
0.473743421069 0.9143999815 -0.00850139738727
0.478934436068 0.9143999815 -0.00786023176856
0.478934465796 0.9143999815 -0.00786022968982
0.484124649139 0.9143999815 -0.00721187004021
0.484124678866 0.9143999815 -0.00721186796147
0.489313905407 0.9143999815 -0.00655623341371
0.489313935134 0.9143999815 -0.00655623133497
0.494502225926 0.9143999815 -0.00589319718674
0.494502255523 0.9143999815 -0.00589319325252
0.499689572491 0.9143999815 -0.00522264078056
0.499689602089 0.9143999815 -0.00522263684634
0.504875907741 0.9143999815 -0.004544458534
0.50487590761 0.9143999815 -0.00454445666855
0.510061225637 0.9143999815 -0.00385856122096
0.510061225507 0.9143999815 -0.00385855936549
0.515245515615 0.9143999815 -0.00316480208079
0.515245515486 0.9143999815 -0.00316480022532
0.520428766673 0.9143999815 -0.00246301944728
0.520428766542 0.9143999815 -0.00246301758184
0.525281721067 0.9143999815 -0.00179886949559
0.525281720937 0.9143999815 -0.00179886764012
0.529113303758 0.9143999815 -0.00126969635905
0.529113303758 0.9143999815 -0.00126969635905
0.53166431393 0.9143999815 -0.000914744921114
0.53166431393 0.9143999815 -0.000914744921114
0.533022682765 0.9143999815 -0.000687570555765
0.533400010388 0.9143999815 -0.000522730970399
0.533400010388 0.9143999815 -0.000522730970399
0.533400022814 0.9143999815 -0.000373377024922
0.533400022814 0.9143999815 -0.000373377024922
0.533400035369 0.9143999815 -0.000224024934914
0.533400035369 0.9143999815 -0.000224024934914
0.53339998834 0.9143999815 -7.46751469223e-05
0.53339998834 0.9143999815 -7.46751469223e-05
0.533399941311 0.9143999815 7.4674641069e-05
0.533399941311 0.9143999815 7.4674641069e-05
0.533400013191 0.9143999815 0.000224032744032
0.533400013191 0.9143999815 0.000224032744032
0.533399966292 0.9143999815 0.000373380676554
0.533399966292 0.9143999815 0.000373380676554
0.533399978848 0.9143999815 0.000522732766562
0.533399978848 0.9143999815 0.000522732766562
0.533399978848 0.9143999815 0.000522732766562
0.533022419597 0.9143999815 0.000687614027069

ZONE T="SLICE_Y_0p9144_BINS07_KS_0p5334mm_SINGLE_LAYER"
0.533022419597 0.9143999815 0.000687614027069
0.531663041199 0.9143999815 0.000914927988936
0.531663041069 0.9143999815 0.000914929844405
0.529110172117 0.9143999815 0.00127013259445
0.529110171988 0.9143999815 0.00127013444992
0.525267754383 0.9143999815 0.0018007901277
0.525267754123 0.9143999815 0.00180079383864
0.520386900555 0.9143999815 0.00246869821635
0.520386900295 0.9143999815 0.00246870193727
0.515167486488 0.9143999815 0.00317528119662
0.515167486227 0.9143999815 0.00317528491754
0.509947027305 0.9143999815 0.00387373975269
0.509947027045 0.9143999815 0.00387374347361
0.504725452769 0.9143999815 0.00456422396045
0.504725452509 0.9143999815 0.00456422768137
0.499502931268 0.9143999815 0.00524688749057
0.499502901281 0.9143999815 0.00524688913274
0.494279367614 0.9143999815 0.00592181145053
0.494279337627 0.9143999815 0.00592181309271
0.489054812946 0.9143999815 0.00658911891744
0.489054782958 0.9143999815 0.00658912055961
0.483829316714 0.9143999815 0.0072489571194
0.483829286626 0.9143999815 0.00724895875459
0.47860287284 0.9143999815 0.00790141153071
0.478602842853 0.9143999815 0.0079014131629
0.473375535133 0.9143999815 0.00854656992864
0.473375505146 0.9143999815 0.00854657156084
0.468147326885 0.9143999815 0.00918452356023
0.468147296897 0.9143999815 0.0091845252024
0.462918242217 0.9143999815 0.00981535792367
0.462918212229 0.9143999815 0.00981535956584
0.457688304655 0.9143999815 0.0104391652147
0.457688274667 0.9143999815 0.0104391668568
0.452457569166 0.9143999815 0.011056010897
0.452457539179 0.9143999815 0.0110560125292
0.447226003526 0.9143999815 0.0116659300482
0.447225973539 0.9143999815 0.0116659316903
0.441993632558 0.9143999815 0.0122689963062
0.441993602571 0.9143999815 0.0122689979434
0.436760482996 0.9143999815 0.0128652516793
0.436760453009 0.9143999815 0.0128652533165
0.431526615275 0.9143999815 0.0134546891902
0.431526585221 0.9143999815 0.0134546903565
0.426291937999 0.9143999815 0.0140373313913
0.426291908044 0.9143999815 0.0140373325637
0.421056537397 0.9143999815 0.0146132281893
0.421056507442 0.9143999815 0.0146132293626
0.415820353625 0.9143999815 0.0151823824026
0.41582032367 0.9143999815 0.0151823835759
0.410583476677 0.9143999815 0.0157447872532
0.410583446722 0.9143999815 0.0157447884265
0.40534584789 0.9143999815 0.0163004258029
0.405345817936 0.9143999815 0.0163004269752
0.400107528138 0.9143999815 0.0168492848026
0.400107498176 0.9143999815 0.0168492860916
0.394868489311 0.9143999815 0.0173913376046
0.394868459352 0.9143999815 0.0173913388356
0.389628795555 0.9143999815 0.0179265212706
0.389628765599 0.9143999815 0.0179265224594
0.38438833374 0.9143999815 0.0184547448326
0.384388303786 0.9143999815 0.0184547460056
0.379147164599 0.9143999815 0.0189759941828
0.379147134645 0.9143999815 0.0189759953552
0.373905348721 0.9143999815 0.0194902572492
0.373905318766 0.9143999815 0.0194902584225
0.368662835308 0.9143999815 0.01999740608
0.368662805353 0.9143999815 0.0199974072523
0.363419605043 0.9143999815 0.020497289713
0.363419575088 0.9143999815 0.0204972908864
0.35817568967 0.9143999815 0.0209898828291
0.358175659715 0.9143999815 0.0209898840024
0.352931094528 0.9143999815 0.0214751062115
0.352931064573 0.9143999815 0.0214751073848
0.347685803631 0.9143999815 0.021952762688
0.347685773676 0.9143999815 0.0219527638603
0.342439825916 0.9143999815 0.022422725912
0.342439795961 0.9143999815 0.0224227270853
0.33719310975 0.9143999815 0.0228848769763
0.337193079828 0.9143999815 0.0228848776848
0.331945756275 0.9143999815 0.0233390539718
0.331945726353 0.9143999815 0.0233390546802
0.326697658468 0.9143999815 0.0237850771639
0.326697628545 0.9143999815 0.0237850778784
0.321448887441 0.9143999815 0.024222782544
0.321448857519 0.9143999815 0.0242227832584
0.316199426401 0.9143999815 0.0246519859607
0.316199396479 0.9143999815 0.0246519866751
0.310949229726 0.9143999815 0.0250724825627
0.310949199804 0.9143999815 0.0250724832672
0.305698342545 0.9143999815 0.0254840570337
0.305698312622 0.9143999815 0.0254840577481
0.300446750912 0.9143999815 0.0258864787489
0.300446720989 0.9143999815 0.0258864794633
0.295194412268 0.9143999815 0.0262795047879
0.295194382346 0.9143999815 0.0262795055023
0.289941403669 0.9143999815 0.0266628847458
0.289941373812 0.9143999815 0.0266628845225
0.284687655199 0.9143999815 0.0270363383026
0.284687625341 0.9143999815 0.0270363380893
0.279433216008 0.9143999815 0.0273995897655
0.27943318615 0.9143999815 0.0273995895522
0.274178047431 0.9143999815 0.0277523376828
0.274178017573 0.9143999815 0.0277523374595
0.268922171816 0.9143999815 0.028094262445
0.268922141959 0.9143999815 0.0280942622218
0.263665552318 0.9143999815 0.0284250365842
0.26366552246 0.9143999815 0.0284250363709
0.258408272716 0.9143999815 0.0287443149437
0.258408242859 0.9143999815 0.0287443147205
0.253150240159 0.9143999815 0.0290517194456
0.253150210301 0.9143999815 0.0290517192323
0.247891495686 0.9143999815 0.0293468739264
0.247891480693 0.9143999815 0.0293468747425
0.24263209784 0.9143999815 0.0296293698244
0.242632082846 0.9143999815 0.0296293706405
0.237372001826 0.9143999815 0.0298987782904
0.237371986832 0.9143999815 0.0298987791065
0.232111238767 0.9143999815 0.0301546571081
0.232111223774 0.9143999815 0.0301546579242
0.226849795967 0.9143999815 0.0303965441864
0.226849780974 0.9143999815 0.0303965450025
0.221587722691 0.9143999815 0.0306239500393
0.221587707697 0.9143999815 0.0306239508554
0.216325024712 0.9143999815 0.0308363634643
0.216325009718 0.9143999815 0.0308363642804
0.211061709693 0.9143999815 0.0310332491019
0.211061694699 0.9143999815 0.031033249918
0.205797817394 0.9143999815 0.0312140383705
0.2057978024 0.9143999815 0.0312140391866
0.200533389522 0.9143999815 0.0313781348266
0.200533374529 0.9143999815 0.0313781356427
0.195268456721 0.9143999815 0.0315248852165
0.195268441727 0.9143999815 0.0315248860326
0.19000305152 0.9143999815 0.0316536121692
0.190003036526 0.9143999815 0.0316536129853
0.184737219557 0.9143999815 0.031763661615
0.184737204563 0.9143999815 0.0317636624311
0.179471011863 0.9143999815 0.0318543051895
0.17947099687 0.9143999815 0.0318543060056
0.174204501383 0.9143999815 0.0319247133503
0.17420448639 0.9143999815 0.0319247141664
0.168937758591 0.9143999815 0.0319740918686
0.168937743597 0.9143999815 0.0319740926946
0.163670858409 0.9143999815 0.0320015814776
0.163670843415 0.9143999815 0.0320015823037
0.158403882845 0.9143999815 0.032006224435
0.158403867851 0.9143999815 0.032006225261
0.153136944474 0.9143999815 0.0319870502093
0.153136929481 0.9143999815 0.0319870510254
0.147870163708 0.9143999815 0.0319429805135
0.147870148714 0.9143999815 0.0319429813296
0.14260233369 0.9143999815 0.0318729002552
0.142602318697 0.9143999815 0.0318729010713
0.137395027744 0.9143999815 0.0317772275609
0.137395012881 0.9143999815 0.0317772265215
0.132372216959 0.9143999815 0.0316588897372
0.132372202095 0.9143999815 0.0316588886978
0.127589248499 0.9143999815 0.0315210400084
0.127589233635 0.9143999815 0.031521038969
0.123034793026 0.9143999815 0.0313659110183
0.123034778162 0.9143999815 0.031365909979
0.118698043979 0.9143999815 0.0311955217376
0.118698029115 0.9143999815 0.0311955206982
0.114568700635 0.9143999815 0.0310118107664
0.114568685772 0.9143999815 0.031011809727
0.110636947669 0.9143999815 0.0308166161796
0.110636932805 0.9143999815 0.0308166151402
0.106893412351 0.9143999815 0.0306116352533
0.106893397488 0.9143999815 0.0306116342139
0.103329184999 0.9143999815 0.0303983586104
0.103329170136 0.9143999815 0.030398357571
0.0999357373549 0.9143999815 0.0301781579211
0.0999357224912 0.9143999815 0.0301781568817
0.0967049689741 0.9143999815 0.0299523750256
0.0967049541104 0.9143999815 0.0299523739862
0.0936291414129 0.9143999815 0.0297221978209
0.0936291265492 0.9143999815 0.0297221967816
0.0907008744902 0.9143999815 0.0294887085481
0.0907008670484 0.9143999815 0.0294887080277
0.087857958963 0.9143999815 0.0292478745262
0.0878579515311 0.9143999815 0.0292478740065
0.0878579440993 0.9143999815 0.0292478734868
0.0850069857993 0.9143999815 0.0289918569456
0.0821353426392 0.9143999815 0.0287190194966
0.0821353352074 0.9143999815 0.0287190189769
0.0792652060679 0.9143999815 0.0284306179185
0.0792651986361 0.9143999815 0.0284306173988
0.0763967605625 0.9143999815 0.0281259368972
0.0763967531306 0.9143999815 0.0281259363775
0.0735301685441 0.9143999815 0.0278042558475
0.0735301611123 0.9143999815 0.0278042553278
0.0706656272336 0.9143999815 0.0274648902392
0.0706656198017 0.9143999815 0.0274648897195
0.067803345587 0.9143999815 0.0271069882935
0.0678033381552 0.9143999815 0.0271069877738
0.0649435690232 0.9143999815 0.0267296037048
0.0649435615914 0.9143999815 0.0267296031852
0.0620865591334 0.9143999815 0.026331772633
0.0620865517016 0.9143999815 0.0263317721133
0.0592326418833 0.9143999815 0.0259124647563
0.0592326307405 0.9143999815 0.0259124639772
0.0563821548972 0.9143999815 0.0254704302719
0.0563821437444 0.9143999815 0.0254704294921
0.0535355153342 0.9143999815 0.0250042960745
0.0535355043112 0.9143999815 0.0250042934392
0.0506931827182 0.9143999815 0.0245126173594
0.0506931717051 0.9143999815 0.0245126147247
0.0478556926425 0.9143999815 0.0239937697808
0.0478556816301 0.9143999815 0.0239937671362
0.0450236968332 0.9143999815 0.0234458028596
0.0450236858101 0.9143999815 0.0234458002243
0.0421979347242 0.9143999815 0.0228665799814
0.0421979237019 0.9143999815 0.0228665773361
0.0393793017184 0.9143999815 0.0222537102323
0.0393792906954 0.9143999815 0.0222537075969
0.0365688856635 0.9143999815 0.0216042934118
0.0365688746412 0.9143999815 0.0216042907665
0.0337680004757 0.9143999815 0.0209150268089
0.0337679894527 0.9143999815 0.0209150241736
0.0309782564633 0.9143999815 0.0201821075395
0.0309782454402 0.9143999815 0.0201821049041
0.0282017208246 0.9143999815 0.0194008329184
0.0282017098115 0.9143999815 0.0194008302837
0.0254354665922 0.9143999815 0.0185825935376
0.0254354555692 0.9143999815 0.0185825909023
0.0226697618124 0.9143999815 0.0177549744663
0.0226697508 0.9143999815 0.0177549718217
0.0198985631652 0.9143999815 0.0169251208289
0.0198985521522 0.9143999815 0.0169251181942
0.0171254398497 0.9143999815 0.0160677315379
0.0171254288267 0.9143999815 0.0160677289026
0.0143480228158 0.9143999815 0.0151681944624
0.0143480117928 0.9143999815 0.0151681918271
0.011531932778 0.9143999815 0.0142642203561
0.0115319226927 0.9143999815 0.0142642177864
0.00862502985433 0.9143999815 0.0133803671968
0.008625018836 0.9143999815 0.0133803645518
0.00561993637153 0.9143999815 0.0125332225704
0.0056199253525 0.9143999815 0.0125332199354
0.000444580223362 0.9143999815 0.0140326550974
0.000444561238766 0.9143999815 0.0140326612381
-0.0067097312663 0.9143999815 0.0167001080873
-0.00670975712993 0.9143999815 0.016700117486
-0.0115540097455 0.9143999815 0.0158958512535
-0.011554027262 0.9143999815 0.0158958481541
-0.0134801849996 0.9143999815 0.0122876198095
-0.0134801924503 0.9143999815 0.0122876062267
-0.0139858360515 0.9143999815 0.00806333390704
-0.0139858378053 0.9143999815 0.00806331884802
-0.0135197584249 0.9143999815 0.0038779116906
-0.0135197564578 0.9143999815 0.00387789689177
-0.0119339700354 0.9143999815 0.000100743715411
-0.0119339644222 0.9143999815 0.000100730103809
-0.00922220495701 0.9143999815 -0.00297632410967
-0.00922219485459 0.9143999815 -0.00297633507367
-0.0064406936796 0.9143999815 -0.00529405704622
-0.00644068373865 0.9143999815 -0.00529406568682
-0.00386688799299 0.9143999815 -0.00703367044422
-0.00386687867929 0.9143999815 -0.007033676795
-0.00163538217013 0.9143999815 -0.0086236386418
-0.00163537406227 0.9143999815 -0.00862364443494
-8.82452168309e-06 0.9143999815 -0.0106744687266
-8.81859840649e-06 0.9143999815 -0.0106744762477
0.00161930689326 0.9143999815 -0.0130904612417
0.00161931275288 0.9143999815 -0.0130904699341
0.00373119242834 0.9143999815 -0.015490494014
0.00373120004604 0.9143999815 -0.015490502818
0.00625567381909 0.9143999815 -0.0176819198523
0.00625568322923 0.9143999815 -0.0176819275968
0.00902642677435 0.9143999815 -0.0194798091174
0.00902643658434 0.9143999815 -0.0194798158997
0.0119193009473 0.9143999815 -0.020894292657
0.0119193115523 0.9143999815 -0.020894297519
0.0148430587599 0.9143999815 -0.0220975394807
0.0148430693 0.9143999815 -0.022097543415
0.0177717173929 0.9143999815 -0.0231627016632
0.0177717288708 0.9143999815 -0.0231627055319
0.0207118719613 0.9143999815 -0.0240907697855
0.0207118833643 0.9143999815 -0.0240907727273
0.0236560864325 0.9143999815 -0.0249136672128
0.0236560978355 0.9143999815 -0.0249136701546
0.0265923717716 0.9143999815 -0.0256805823484
0.0265923831746 0.9143999815 -0.0256805852901
0.0295211376705 0.9143999815 -0.0264070402618
0.0295211490834 0.9143999815 -0.0264070432029
0.0324461869376 0.9143999815 -0.027088304976
0.0324461983499 0.9143999815 -0.0270883079071
0.0352974880943 0.9143999815 -0.0280407625305
0.0352974994966 0.9143999815 -0.0280407654623
0.0386111126969 0.9143999815 -0.0268285170438
0.0386111235894 0.9143999815 -0.026828512543
0.041990044715 0.9143999815 -0.0251842911496
0.0419900554679 0.9143999815 -0.025184284794
0.0448976858148 0.9143999815 -0.0255584770977
0.0448976970974 0.9143999815 -0.0255584781733
0.0478024072869 0.9143999815 -0.0259154761724
0.0478024185595 0.9143999815 -0.0259154772487
0.0507035318147 0.9143999815 -0.0262630659066
0.0507035430972 0.9143999815 -0.0262630669822
0.0536001810167 0.9143999815 -0.026611915252
0.0536001922893 0.9143999815 -0.0266119163283
0.0564936157644 0.9143999815 -0.0269601360654
0.0564936270469 0.9143999815 -0.026960137141
0.0593862170017 0.9143999815 -0.0272964371257
0.0593862282842 0.9143999815 -0.0272964382013
0.0622790111804 0.9143999815 -0.0276157911047
0.0622790224629 0.9143999815 -0.0276157921803
0.0651721831842 0.9143999815 -0.027918439033
0.0651721907558 0.9143999815 -0.027918440368
0.0680657927009 0.9143999815 -0.0282048603245
0.0680658002625 0.9143999815 -0.0282048616603
0.0709597572977 0.9143999815 -0.0284758524423
0.0709597648593 0.9143999815 -0.0284758537781
0.0738540689572 0.9143999815 -0.0287322617873
0.0738540765188 0.9143999815 -0.0287322631231
0.0767487191465 0.9143999815 -0.0289748208791
0.0767487267088 0.9143999815 -0.0289748222249
0.0796437059452 0.9143999815 -0.0292039294555
0.0796437135068 0.9143999815 -0.0292039307913
0.0825390381623 0.9143999815 -0.0294198202889
0.0825390457239 0.9143999815 -0.0294198216247
0.0854346698976 0.9143999815 -0.0296230119244
0.0854346774699 0.9143999815 -0.0296230132695
0.0883360025247 0.9143999815 -0.0298165156365
0.0883360100863 0.9143999815 -0.0298165169723
0.0883360176479 0.9143999815 -0.0298165183081
0.0912846786179 0.9143999815 -0.0300086151749
0.0912846861795 0.9143999815 -0.0300086165107
0.0943497727875 0.9143999815 -0.0302057675472
0.0943497877816 0.9143999815 -0.0302057683732
0.0975682345639 0.9143999815 -0.0304046832113
0.0975682495574 0.9143999815 -0.0304046840274
0.100948146187 0.9143999815 -0.0305992887743
0.10094816118 0.9143999815 -0.0305992895904
0.104497694466 0.9143999815 -0.0307869279626
0.104497709459 0.9143999815 -0.0307869287787
0.108225332781 0.9143999815 -0.0309661955652
0.108225347775 0.9143999815 -0.0309661963813
0.112139935344 0.9143999815 -0.031135722303
0.112139950337 0.9143999815 -0.0311357231191
0.116250789717 0.9143999815 -0.031294065153
0.116250804711 0.9143999815 -0.0312940659691
0.120567679285 0.9143999815 -0.0314395074493
0.120567694279 0.9143999815 -0.0314395082654
0.125100841517 0.9143999815 -0.031570201792
0.12510085651 0.9143999815 -0.0315702026081
0.129861022649 0.9143999815 -0.0316840990298
0.129861037512 0.9143999815 -0.0316840979904
0.134859507333 0.9143999815 -0.0317790526163
0.134859522197 0.9143999815 -0.0317790515769
0.140038727092 0.9143999815 -0.031853794637
0.140038741956 0.9143999815 -0.0318537935976
0.145272759837 0.9143999815 -0.0319162491152
0.145272774701 0.9143999815 -0.0319162480758
0.150503014899 0.9143999815 -0.0319682575252
0.150503029763 0.9143999815 -0.0319682564858
0.15573340909 0.9143999815 -0.0319996125193
0.155733424054 0.9143999815 -0.031999611473
0.160963886738 0.9143999815 -0.0320069533044
0.160963901602 0.9143999815 -0.032006952265
0.166194338762 0.9143999815 -0.0319912845869
0.166194353626 0.9143999815 -0.0319912835475
0.171424696354 0.9143999815 -0.0319535447726
0.171424711217 0.9143999815 -0.0319535437332
0.176654855263 0.9143999815 -0.0318945926055
0.176654870126 0.9143999815 -0.0318945915661
0.181884740443 0.9143999815 -0.0318152772791
0.181884755306 0.9143999815 -0.0318152762397
0.187114305439 0.9143999815 -0.0317164311014
0.187114320303 0.9143999815 -0.031716430062
0.192343479617 0.9143999815 -0.0315987498646
0.19234349448 0.9143999815 -0.0315987488252
0.197572205244 0.9143999815 -0.0314629060539
0.197572220108 0.9143999815 -0.0314629050145
0.202800456599 0.9143999815 -0.0313095998093
0.202800471462 0.9143999815 -0.0313095987699
0.208028175469 0.9143999815 -0.0311394924422
0.208028190333 0.9143999815 -0.0311394914028
0.213255358323 0.9143999815 -0.0309531742469
0.213255373187 0.9143999815 -0.0309531732075
0.218481954859 0.9143999815 -0.0307512088854
0.218481969722 0.9143999815 -0.030751207846
0.223707944339 0.9143999815 -0.0305341542332
0.223707959203 0.9143999815 -0.0305341531938
0.22893333196 0.9143999815 -0.030302510346
0.228933346824 0.9143999815 -0.0303025093066
0.234158047877 0.9143999815 -0.0300567750384
0.234158062741 0.9143999815 -0.0300567739991
0.239382110748 0.9143999815 -0.0297974287394
0.239382125612 0.9143999815 -0.0297974277
0.244605521251 0.9143999815 -0.0295249083357
0.244605536115 0.9143999815 -0.0295249072964
0.24982823505 0.9143999815 -0.0292396463639
0.249828249914 0.9143999815 -0.0292396453245
0.255050251064 0.9143999815 -0.0289420574293
0.255050280792 0.9143999815 -0.0289420553505
0.260271595998 0.9143999815 -0.0286325205722
0.260271625726 0.9143999815 -0.0286325184935
0.265492251148 0.9143999815 -0.0283114105404
0.265492280876 0.9143999815 -0.0283114084617
0.270712151759 0.9143999815 -0.0279790828871
0.270712181486 0.9143999815 -0.0279790808084
0.275931380572 0.9143999815 -0.027635867925
0.275931410399 0.9143999815 -0.0276358658393
0.28114993041 0.9143999815 -0.0272820873185
0.281149960137 0.9143999815 -0.0272820852398
0.286367733297 0.9143999815 -0.0269180520267
0.286367763025 0.9143999815 -0.026918049948
0.29158486818 0.9143999815 -0.0265440366215
0.291584897907 0.9143999815 -0.0265440345428
0.296801265365 0.9143999815 -0.0261603260486
0.296801295092 0.9143999815 -0.0261603239699
0.30201697277 0.9143999815 -0.0257671783739
0.302017002498 0.9143999815 -0.0257671762952
0.30723197782 0.9143999815 -0.0253648409373
0.307232007547 0.9143999815 -0.0253648388586
0.312446296364 0.9143999815 -0.0249535404253
0.312446326092 0.9143999815 -0.0249535383466
0.317659914169 0.9143999815 -0.0245335018991
0.317659943896 0.9143999815 -0.0245334998203
0.322872845206 0.9143999815 -0.0241049223137
0.322872874933 0.9143999815 -0.024104920235
0.32808507342 0.9143999815 -0.023668000694
0.328085103148 0.9143999815 -0.0236679986153
0.333296611967 0.9143999815 -0.0232229265941
0.333296641694 0.9143999815 -0.0232229245154
0.338507472738 0.9143999815 -0.0227698672317
0.338507502466 0.9143999815 -0.022769865153
0.3437176375 0.9143999815 -0.0223089919111
0.343717667228 0.9143999815 -0.0223089898324
0.348927117008 0.9143999815 -0.0218404529934
0.348927146735 0.9143999815 -0.0218404509147
0.354135918538 0.9143999815 -0.0213643545444
0.354135948265 0.9143999815 -0.0213643524656
0.359344021457 0.9143999815 -0.0208808287052
0.359344051185 0.9143999815 -0.0208808266264
0.364551435381 0.9143999815 -0.02039001297
0.364551465108 0.9143999815 -0.0203900108913
0.369758168265 0.9143999815 -0.0198920225547
0.369758197993 0.9143999815 -0.0198920204759
0.374964258353 0.9143999815 -0.019386974286
0.37496428808 0.9143999815 -0.0193869722073
0.380169619899 0.9143999815 -0.0188749264371
0.380169649627 0.9143999815 -0.0188749243584
0.385374314539 0.9143999815 -0.0183559045809
0.385374344267 0.9143999815 -0.0183559025022
0.390578319561 0.9143999815 -0.0178300111213
0.390578349288 0.9143999815 -0.0178300090425
0.39578164198 0.9143999815 -0.017297346403
0.395781671708 0.9143999815 -0.0172973443243
0.400984283617 0.9143999815 -0.0167579364428
0.400984313345 0.9143999815 -0.016757934364
0.406186186735 0.9143999815 -0.0162118114114
0.406186216463 0.9143999815 -0.0162118093326
0.411387382722 0.9143999815 -0.0156589915286
0.411387412449 0.9143999815 -0.0156589894499
0.416587901403 0.9143999815 -0.0150994747089
0.416587931131 0.9143999815 -0.0150994726302
0.421787654857 0.9143999815 -0.0145332894949
0.421787684585 0.9143999815 -0.0145332874161
0.426986703098 0.9143999815 -0.0139604354291
0.426986732825 0.9143999815 -0.0139604333503
0.432185016039 0.9143999815 -0.0133809108863
0.432185045766 0.9143999815 -0.0133809088075
0.437382593839 0.9143999815 -0.0127947195944
0.437382623567 0.9143999815 -0.0127947175156
0.442579376365 0.9143999815 -0.0122018545411
0.442579406092 0.9143999815 -0.0122018524623
0.447775388665 0.9143999815 -0.0116022467611
0.447775418393 0.9143999815 -0.0116022446823
0.452970627524 0.9143999815 -0.0109958516801
0.452970657251 0.9143999815 -0.0109958496014
0.458165090539 0.9143999815 -0.0103826320951
0.458165120266 0.9143999815 -0.0103826300164
0.463358683133 0.9143999815 -0.00976251995765
0.46335871286 0.9143999815 -0.00976251787891
0.468551461123 0.9143999815 -0.00913545906734
0.46855149085 0.9143999815 -0.0091354569886
0.473743391342 0.9143999815 -0.00850139946601
0.473743421069 0.9143999815 -0.00850139738727
0.478934436068 0.9143999815 -0.00786023176856
0.478934465796 0.9143999815 -0.00786022968982
0.484124649139 0.9143999815 -0.00721187004021
0.484124678866 0.9143999815 -0.00721186796147
0.489313905407 0.9143999815 -0.00655623341371
0.489313935134 0.9143999815 -0.00655623133497
0.494502225926 0.9143999815 -0.00589319718674
0.494502255523 0.9143999815 -0.00589319325252
0.499689572491 0.9143999815 -0.00522264078056
0.499689602089 0.9143999815 -0.00522263684634
0.504875907741 0.9143999815 -0.004544458534
0.50487590761 0.9143999815 -0.00454445666855
0.510061225637 0.9143999815 -0.00385856122096
0.510061225507 0.9143999815 -0.00385855936549
0.515245515615 0.9143999815 -0.00316480208079
0.515245515486 0.9143999815 -0.00316480022532
0.520428766673 0.9143999815 -0.00246301944728
0.520428766542 0.9143999815 -0.00246301758184
0.525281721067 0.9143999815 -0.00179886949559
0.525281720937 0.9143999815 -0.00179886764012
0.529113303758 0.9143999815 -0.00126969635905
0.529113303758 0.9143999815 -0.00126969635905
0.53166431393 0.9143999815 -0.000914744921114
0.53166431393 0.9143999815 -0.000914744921114
0.533022682765 0.9143999815 -0.000687570555765
0.533400010388 0.9143999815 -0.000522730970399
0.533400010388 0.9143999815 -0.000522730970399
0.533400022814 0.9143999815 -0.000373377024922
0.533400022814 0.9143999815 -0.000373377024922
0.533400035369 0.9143999815 -0.000224024934914
0.533400035369 0.9143999815 -0.000224024934914
0.53339998834 0.9143999815 -7.46751469223e-05
0.53339998834 0.9143999815 -7.46751469223e-05
0.533399941311 0.9143999815 7.4674641069e-05
0.533399941311 0.9143999815 7.4674641069e-05
0.533400013191 0.9143999815 0.000224032744032
0.533400013191 0.9143999815 0.000224032744032
0.533399966292 0.9143999815 0.000373380676554
0.533399966292 0.9143999815 0.000373380676554
0.533399978848 0.9143999815 0.000522732766562
0.533399978848 0.9143999815 0.000522732766562
0.533399978848 0.9143999815 0.000522732766562
0.533022419597 0.9143999815 0.000687614027069

ZONE T="SLICE_Y_0p9144_BINS15_KS_0p5334mm_SINGLE_LAYER"
0.533022419597 0.9143999815 0.000687614027069
0.531663041199 0.9143999815 0.000914927988936
0.531663041069 0.9143999815 0.000914929844405
0.529110172117 0.9143999815 0.00127013259445
0.529110171988 0.9143999815 0.00127013444992
0.525267754383 0.9143999815 0.0018007901277
0.525267754123 0.9143999815 0.00180079383864
0.520386900555 0.9143999815 0.00246869821635
0.520386900295 0.9143999815 0.00246870193727
0.515167486488 0.9143999815 0.00317528119662
0.515167486227 0.9143999815 0.00317528491754
0.509947027305 0.9143999815 0.00387373975269
0.509947027045 0.9143999815 0.00387374347361
0.504725452769 0.9143999815 0.00456422396045
0.504725452509 0.9143999815 0.00456422768137
0.499502931268 0.9143999815 0.00524688749057
0.499502901281 0.9143999815 0.00524688913274
0.494279367614 0.9143999815 0.00592181145053
0.494279337627 0.9143999815 0.00592181309271
0.489054812946 0.9143999815 0.00658911891744
0.489054782958 0.9143999815 0.00658912055961
0.483829316714 0.9143999815 0.0072489571194
0.483829286626 0.9143999815 0.00724895875459
0.47860287284 0.9143999815 0.00790141153071
0.478602842853 0.9143999815 0.0079014131629
0.473375535133 0.9143999815 0.00854656992864
0.473375505146 0.9143999815 0.00854657156084
0.468147326885 0.9143999815 0.00918452356023
0.468147296897 0.9143999815 0.0091845252024
0.462918242217 0.9143999815 0.00981535792367
0.462918212229 0.9143999815 0.00981535956584
0.457688304655 0.9143999815 0.0104391652147
0.457688274667 0.9143999815 0.0104391668568
0.452457569166 0.9143999815 0.011056010897
0.452457539179 0.9143999815 0.0110560125292
0.447226003526 0.9143999815 0.0116659300482
0.447225973539 0.9143999815 0.0116659316903
0.441993632558 0.9143999815 0.0122689963062
0.441993602571 0.9143999815 0.0122689979434
0.436760482996 0.9143999815 0.0128652516793
0.436760453009 0.9143999815 0.0128652533165
0.431526615275 0.9143999815 0.0134546891902
0.431526585221 0.9143999815 0.0134546903565
0.426291937999 0.9143999815 0.0140373313913
0.426291908044 0.9143999815 0.0140373325637
0.421056537397 0.9143999815 0.0146132281893
0.421056507442 0.9143999815 0.0146132293626
0.415820353625 0.9143999815 0.0151823824026
0.41582032367 0.9143999815 0.0151823835759
0.410583476677 0.9143999815 0.0157447872532
0.410583446722 0.9143999815 0.0157447884265
0.40534584789 0.9143999815 0.0163004258029
0.405345817936 0.9143999815 0.0163004269752
0.400107528138 0.9143999815 0.0168492848026
0.400107498176 0.9143999815 0.0168492860916
0.394868489311 0.9143999815 0.0173913376046
0.394868459352 0.9143999815 0.0173913388356
0.389628795555 0.9143999815 0.0179265212706
0.389628765599 0.9143999815 0.0179265224594
0.38438833374 0.9143999815 0.0184547448326
0.384388303786 0.9143999815 0.0184547460056
0.379147164599 0.9143999815 0.0189759941828
0.379147134645 0.9143999815 0.0189759953552
0.373905348721 0.9143999815 0.0194902572492
0.373905318766 0.9143999815 0.0194902584225
0.368662835308 0.9143999815 0.01999740608
0.368662805353 0.9143999815 0.0199974072523
0.363419605043 0.9143999815 0.020497289713
0.363419575088 0.9143999815 0.0204972908864
0.35817568967 0.9143999815 0.0209898828291
0.358175659715 0.9143999815 0.0209898840024
0.352931094528 0.9143999815 0.0214751062115
0.352931064573 0.9143999815 0.0214751073848
0.347685803631 0.9143999815 0.021952762688
0.347685773676 0.9143999815 0.0219527638603
0.342439825916 0.9143999815 0.022422725912
0.342439795961 0.9143999815 0.0224227270853
0.33719310975 0.9143999815 0.0228848769763
0.337193079828 0.9143999815 0.0228848776848
0.331945756275 0.9143999815 0.0233390539718
0.331945726353 0.9143999815 0.0233390546802
0.326697658468 0.9143999815 0.0237850771639
0.326697628545 0.9143999815 0.0237850778784
0.321448887441 0.9143999815 0.024222782544
0.321448857519 0.9143999815 0.0242227832584
0.316199426401 0.9143999815 0.0246519859607
0.316199396479 0.9143999815 0.0246519866751
0.310949229726 0.9143999815 0.0250724825627
0.310949199804 0.9143999815 0.0250724832672
0.305698342545 0.9143999815 0.0254840570337
0.305698312622 0.9143999815 0.0254840577481
0.300446750912 0.9143999815 0.0258864787489
0.300446720989 0.9143999815 0.0258864794633
0.295194412268 0.9143999815 0.0262795047879
0.295194382346 0.9143999815 0.0262795055023
0.289941403669 0.9143999815 0.0266628847458
0.289941373812 0.9143999815 0.0266628845225
0.284687655199 0.9143999815 0.0270363383026
0.284687625341 0.9143999815 0.0270363380893
0.279433216008 0.9143999815 0.0273995897655
0.27943318615 0.9143999815 0.0273995895522
0.274178047431 0.9143999815 0.0277523376828
0.274178017573 0.9143999815 0.0277523374595
0.268922171816 0.9143999815 0.028094262445
0.268922141959 0.9143999815 0.0280942622218
0.263665552318 0.9143999815 0.0284250365842
0.26366552246 0.9143999815 0.0284250363709
0.258408272716 0.9143999815 0.0287443149437
0.258408242859 0.9143999815 0.0287443147205
0.253150240159 0.9143999815 0.0290517194456
0.253150210301 0.9143999815 0.0290517192323
0.247891495686 0.9143999815 0.0293468739264
0.247891480693 0.9143999815 0.0293468747425
0.24263209784 0.9143999815 0.0296293698244
0.242632082846 0.9143999815 0.0296293706405
0.237372001826 0.9143999815 0.0298987782904
0.237371986832 0.9143999815 0.0298987791065
0.232111238767 0.9143999815 0.0301546571081
0.232111223774 0.9143999815 0.0301546579242
0.226849795967 0.9143999815 0.0303965441864
0.226849780974 0.9143999815 0.0303965450025
0.221587722691 0.9143999815 0.0306239500393
0.221587707697 0.9143999815 0.0306239508554
0.216325024712 0.9143999815 0.0308363634643
0.216325009718 0.9143999815 0.0308363642804
0.211061709693 0.9143999815 0.0310332491019
0.211061694699 0.9143999815 0.031033249918
0.205797817394 0.9143999815 0.0312140383705
0.2057978024 0.9143999815 0.0312140391866
0.200533389522 0.9143999815 0.0313781348266
0.200533374529 0.9143999815 0.0313781356427
0.195268456721 0.9143999815 0.0315248852165
0.195268441727 0.9143999815 0.0315248860326
0.19000305152 0.9143999815 0.0316536121692
0.190003036526 0.9143999815 0.0316536129853
0.184737219557 0.9143999815 0.031763661615
0.184737204563 0.9143999815 0.0317636624311
0.179471011863 0.9143999815 0.0318543051895
0.17947099687 0.9143999815 0.0318543060056
0.174204501383 0.9143999815 0.0319247133503
0.17420448639 0.9143999815 0.0319247141664
0.168937758591 0.9143999815 0.0319740918686
0.168937743597 0.9143999815 0.0319740926946
0.163670858409 0.9143999815 0.0320015814776
0.163670843415 0.9143999815 0.0320015823037
0.158403882845 0.9143999815 0.032006224435
0.158403867851 0.9143999815 0.032006225261
0.153136944474 0.9143999815 0.0319870502093
0.153136929481 0.9143999815 0.0319870510254
0.147870163708 0.9143999815 0.0319429805135
0.147870148714 0.9143999815 0.0319429813296
0.14260233369 0.9143999815 0.0318729002552
0.142602318697 0.9143999815 0.0318729010713
0.137395027744 0.9143999815 0.0317772275609
0.137395012881 0.9143999815 0.0317772265215
0.132372216959 0.9143999815 0.0316588897372
0.132372202095 0.9143999815 0.0316588886978
0.127589248499 0.9143999815 0.0315210400084
0.127589233635 0.9143999815 0.031521038969
0.123034793026 0.9143999815 0.0313659110183
0.123034778162 0.9143999815 0.031365909979
0.118698043979 0.9143999815 0.0311955217376
0.118698029115 0.9143999815 0.0311955206982
0.114568700635 0.9143999815 0.0310118107664
0.114568685772 0.9143999815 0.031011809727
0.110636947669 0.9143999815 0.0308166161796
0.110636932805 0.9143999815 0.0308166151402
0.106893412351 0.9143999815 0.0306116352533
0.106893397488 0.9143999815 0.0306116342139
0.103329184999 0.9143999815 0.0303983586104
0.103329170136 0.9143999815 0.030398357571
0.0999357373549 0.9143999815 0.0301781579211
0.0999357224912 0.9143999815 0.0301781568817
0.0967049689741 0.9143999815 0.0299523750256
0.0967049541104 0.9143999815 0.0299523739862
0.0936291414129 0.9143999815 0.0297221978209
0.0936291265492 0.9143999815 0.0297221967816
0.0907008744902 0.9143999815 0.0294887085481
0.0907008670484 0.9143999815 0.0294887080277
0.087857958963 0.9143999815 0.0292478745262
0.0878579515311 0.9143999815 0.0292478740065
0.0878579440993 0.9143999815 0.0292478734868
0.0850069857993 0.9143999815 0.0289918569456
0.0821353426392 0.9143999815 0.0287190194966
0.0821353352074 0.9143999815 0.0287190189769
0.0792652060679 0.9143999815 0.0284306179185
0.0792651986361 0.9143999815 0.0284306173988
0.0763967605625 0.9143999815 0.0281259368972
0.0763967531306 0.9143999815 0.0281259363775
0.0735301685441 0.9143999815 0.0278042558475
0.0735301611123 0.9143999815 0.0278042553278
0.0706656272336 0.9143999815 0.0274648902392
0.0706656198017 0.9143999815 0.0274648897195
0.067803345587 0.9143999815 0.0271069882935
0.0678033381552 0.9143999815 0.0271069877738
0.0649435690232 0.9143999815 0.0267296037048
0.0649435615914 0.9143999815 0.0267296031852
0.0620865591334 0.9143999815 0.026331772633
0.0620865517016 0.9143999815 0.0263317721133
0.0592326418833 0.9143999815 0.0259124647563
0.0592326307405 0.9143999815 0.0259124639772
0.0563821548972 0.9143999815 0.0254704302719
0.0563821437444 0.9143999815 0.0254704294921
0.0535355153342 0.9143999815 0.0250042960745
0.0535355043112 0.9143999815 0.0250042934392
0.0506931827182 0.9143999815 0.0245126173594
0.0506931717051 0.9143999815 0.0245126147247
0.0478556926425 0.9143999815 0.0239937697808
0.0478556816301 0.9143999815 0.0239937671362
0.0450236968332 0.9143999815 0.0234458028596
0.0450236858101 0.9143999815 0.0234458002243
0.0421979347242 0.9143999815 0.0228665799814
0.0421979237019 0.9143999815 0.0228665773361
0.0393793017184 0.9143999815 0.0222537102323
0.0393792906954 0.9143999815 0.0222537075969
0.0365688856635 0.9143999815 0.0216042934118
0.0365688746412 0.9143999815 0.0216042907665
0.0337680004757 0.9143999815 0.0209150268089
0.0337679894527 0.9143999815 0.0209150241736
0.0309782564633 0.9143999815 0.0201821075395
0.0309782454402 0.9143999815 0.0201821049041
0.0282015726596 0.9143999815 0.0194013229666
0.0282015616366 0.9143999815 0.0194013203313
0.0254292891472 0.9143999815 0.0186015897246
0.0254292781249 0.9143999815 0.0186015870793
0.022657484869 0.9143999815 0.0177911312161
0.0226574738559 0.9143999815 0.0177911285814
0.0198898453799 0.9143999815 0.0169491507025
0.0198898343668 0.9143999815 0.0169491480678
0.0171213044898 0.9143999815 0.0160780050856
0.0171212934674 0.9143999815 0.0160780024403
0.0143408246052 0.9143999815 0.0151836574878
0.0143408135922 0.9143999815 0.0151836548531
0.0115224599053 0.9143999815 0.0142830271744
0.01152244982 0.9143999815 0.0142830246046
0.0086182266138 0.9143999815 0.0133921178507
0.00861821559646 0.9143999815 0.0133921152058
0.00561165021122 0.9143999815 0.0125448583312
0.00561163919288 0.9143999815 0.0125448556862
0.00054972875439 0.9143999815 0.0139212692278
0.000549710248688 0.9143999815 0.0139212735374
-0.00659970266559 0.9143999815 0.0165820577598
-0.00659972852852 0.9143999815 0.0165820671486
-0.011553299607 0.9143999815 0.015895508796
-0.0115533171242 0.9143999815 0.0158955057066
-0.0134766481306 0.9143999815 0.0122857982819
-0.0134766555813 0.9143999815 0.0122857846991
-0.0139791583767 0.9143999815 0.0080611625187
-0.0139791601205 0.9143999815 0.00806114746037
-0.0135114721684 0.9143999815 0.00387642134022
-0.0135114702013 0.9143999815 0.00387640654139
-0.011926473463 0.9143999815 0.00010071990186
-0.0119264678398 0.9143999815 0.000100706290955
-0.00921529619121 0.9143999815 -0.00297513800323
-0.00921528608879 0.9143999815 -0.00297514896723
-0.00643434065009 0.9143999815 -0.00529181935939
-0.00643433071013 0.9143999815 -0.00529182800006
-0.00386112076507 0.9143999815 -0.00703055202744
-0.00386111145137 0.9143999815 -0.00703055837821
-0.00163026299266 0.9143999815 -0.00861984573811
-0.0016302548858 0.9143999815 -0.00861985153131
-4.35084765607e-06 0.9143999815 -0.0106701917283
-4.34492437947e-06 0.9143999815 -0.0106701992495
0.00162304269513 0.9143999815 -0.0130860305654
0.00162304855476 0.9143999815 -0.0130860392578
0.00373424904279 0.9143999815 -0.0154860884255
0.00373425666042 0.9143999815 -0.0154860972286
0.00625835713596 0.9143999815 -0.0176773293744
0.00625836654611 0.9143999815 -0.0176773371189
0.00902887886853 0.9143999815 -0.0194749827412
0.00902888867853 0.9143999815 -0.0194749895234
0.0119215120997 0.9143999815 -0.0208893851002
0.0119215227047 0.9143999815 -0.0208893899623
0.0148448478529 0.9143999815 -0.0220931515711
0.014844858393 0.9143999815 -0.0220931555055
0.0177726314526 0.9143999815 -0.0231602860172
0.0177726429204 0.9143999815 -0.0231602898867
0.0207116516533 0.9143999815 -0.0240914909902
0.0207116630563 0.9143999815 -0.024091493932
0.0236555218834 0.9143999815 -0.0249154469191
0.0236555332956 0.9143999815 -0.0249154498501
0.0265924262675 0.9143999815 -0.0256803470037
0.0265924376705 0.9143999815 -0.0256803499454
0.0295218403203 0.9143999815 -0.0264044050683
0.0295218517226 0.9143999815 -0.026404408
0.0324472230386 0.9143999815 -0.0270841900475
0.0324472344416 0.9143999815 -0.0270841929893
0.0354115475654 0.9143999815 -0.0275439442396
0.0354115588379 0.9143999815 -0.0275439453159
0.0387261919591 0.9143999815 -0.0263266831181
0.0387262028517 0.9143999815 -0.0263266786173
0.0419915260177 0.9143999815 -0.0251774376544
0.041991536911 0.9143999815 -0.0251774331635
0.0448962522221 0.9143999815 -0.0255659060767
0.0448962634953 0.9143999815 -0.025565907163
0.0477987792602 0.9143999815 -0.0259350478464
0.0477987905335 0.9143999815 -0.0259350489326
0.0506986626297 0.9143999815 -0.026290682356
0.0506986739122 0.9143999815 -0.0262906834316
0.0535956056121 0.9143999815 -0.0266391937352
0.0535956168946 0.9143999815 -0.0266391948108
0.0564905778915 0.9143999815 -0.0269791754056
0.0564905891747 0.9143999815 -0.0269791764912
0.0593849847039 0.9143999815 -0.0273045018116
0.0593849959864 0.9143999815 -0.0273045028872
0.0622793756349 0.9143999815 -0.0276130992645
0.0622793869181 0.9143999815 -0.0276131003501
0.0651738492867 0.9143999815 -0.0279059505001
0.0651738568483 0.9143999815 -0.0279059518359
0.0680681994659 0.9143999815 -0.0281858744485
0.0680682070282 0.9143999815 -0.0281858757942
0.0709620297081 0.9143999815 -0.0284570813515
0.0709620372704 0.9143999815 -0.0284570826973
0.0738555281687 0.9143999815 -0.0287195916641
0.0738555357303 0.9143999815 -0.0287195929999
0.0767492678898 0.9143999815 -0.028969851255
0.0767492754514 0.9143999815 -0.0289698525908
0.079643472467 0.9143999815 -0.0292063581984
0.0796434800286 0.9143999815 -0.0292063595342
0.0825380924774 0.9143999815 -0.0294296873122
0.082538100039 0.9143999815 -0.0294296886479
0.0854329652165 0.9143999815 -0.0296417843958
0.0854329727781 0.9143999815 -0.0296417857316
0.0883334992374 0.9143999815 -0.0298456564526
0.0883335067997 0.9143999815 -0.0298456577983
0.0883335143613 0.9143999815 -0.0298456591341
0.0912818345873 0.9143999815 -0.0300436708082
0.0912818421496 0.9143999815 -0.0300436721539
0.0943473679026 0.9143999815 -0.0302371701286
0.0943473828961 0.9143999815 -0.0302371709447
0.0975666838428 0.9143999815 -0.0304261915574
0.0975666988363 0.9143999815 -0.0304261923735
0.100947375206 0.9143999815 -0.0306107997855
0.1009473902 0.9143999815 -0.0306108006016
0.104497406405 0.9143999815 -0.0307915675385
0.104497421398 0.9143999815 -0.0307915683546
0.108225288715 0.9143999815 -0.0309668484294
0.108225303709 0.9143999815 -0.0309668492455
0.11214004024 0.9143999815 -0.0311334836725
0.112140055234 0.9143999815 -0.0311334844886
0.116250968695 0.9143999815 -0.0312901091215
0.116250983689 0.9143999815 -0.0312901099476
0.120567805204 0.9143999815 -0.0314363953648
0.120567820197 0.9143999815 -0.0314363961809
0.125100841335 0.9143999815 -0.0315704127887
0.125100856329 0.9143999815 -0.0315704136147
0.129860874803 0.9143999815 -0.0316894607439
0.129860889666 0.9143999815 -0.0316894597045
0.134859216587 0.9143999815 -0.0317915570078
0.134859231451 0.9143999815 -0.0317915559684
0.140038365422 0.9143999815 -0.031873828778
0.140038380286 0.9143999815 -0.0318738277386
0.145272523515 0.9143999815 -0.0319333766019
0.145272538378 0.9143999815 -0.0319333755626
0.15050294475 0.9143999815 -0.0319736623544
0.150502959614 0.9143999815 -0.0319736613151
0.15573340909 0.9143999815 -0.0319996125193
0.155733424054 0.9143999815 -0.031999611473
0.160963886738 0.9143999815 -0.0320069533044
0.160963901602 0.9143999815 -0.032006952265
0.166194338762 0.9143999815 -0.0319912845869
0.166194353626 0.9143999815 -0.0319912835475
0.171424696354 0.9143999815 -0.0319535447726
0.171424711217 0.9143999815 -0.0319535437332
0.176654855263 0.9143999815 -0.0318945926055
0.176654870126 0.9143999815 -0.0318945915661
0.181884740443 0.9143999815 -0.0318152772791
0.181884755306 0.9143999815 -0.0318152762397
0.187114305439 0.9143999815 -0.0317164311014
0.187114320303 0.9143999815 -0.031716430062
0.192343479617 0.9143999815 -0.0315987498646
0.19234349448 0.9143999815 -0.0315987488252
0.197572205244 0.9143999815 -0.0314629060539
0.197572220108 0.9143999815 -0.0314629050145
0.202800456599 0.9143999815 -0.0313095998093
0.202800471462 0.9143999815 -0.0313095987699
0.208028175469 0.9143999815 -0.0311394924422
0.208028190333 0.9143999815 -0.0311394914028
0.213255358323 0.9143999815 -0.0309531742469
0.213255373187 0.9143999815 -0.0309531732075
0.218481954859 0.9143999815 -0.0307512088854
0.218481969722 0.9143999815 -0.030751207846
0.223707944339 0.9143999815 -0.0305341542332
0.223707959203 0.9143999815 -0.0305341531938
0.22893333196 0.9143999815 -0.030302510346
0.228933346824 0.9143999815 -0.0303025093066
0.234158047877 0.9143999815 -0.0300567750384
0.234158062741 0.9143999815 -0.0300567739991
0.239382110748 0.9143999815 -0.0297974287394
0.239382125612 0.9143999815 -0.0297974277
0.244605521251 0.9143999815 -0.0295249083357
0.244605536115 0.9143999815 -0.0295249072964
0.24982823505 0.9143999815 -0.0292396463639
0.249828249914 0.9143999815 -0.0292396453245
0.255050251064 0.9143999815 -0.0289420574293
0.255050280792 0.9143999815 -0.0289420553505
0.260271595998 0.9143999815 -0.0286325205722
0.260271625726 0.9143999815 -0.0286325184935
0.265492251148 0.9143999815 -0.0283114105404
0.265492280876 0.9143999815 -0.0283114084617
0.270712151759 0.9143999815 -0.0279790828871
0.270712181486 0.9143999815 -0.0279790808084
0.275931380572 0.9143999815 -0.027635867925
0.275931410399 0.9143999815 -0.0276358658393
0.28114993041 0.9143999815 -0.0272820873185
0.281149960137 0.9143999815 -0.0272820852398
0.286367733297 0.9143999815 -0.0269180520267
0.286367763025 0.9143999815 -0.026918049948
0.29158486818 0.9143999815 -0.0265440366215
0.291584897907 0.9143999815 -0.0265440345428
0.296801265365 0.9143999815 -0.0261603260486
0.296801295092 0.9143999815 -0.0261603239699
0.30201697277 0.9143999815 -0.0257671783739
0.302017002498 0.9143999815 -0.0257671762952
0.30723197782 0.9143999815 -0.0253648409373
0.307232007547 0.9143999815 -0.0253648388586
0.312446296364 0.9143999815 -0.0249535404253
0.312446326092 0.9143999815 -0.0249535383466
0.317659914169 0.9143999815 -0.0245335018991
0.317659943896 0.9143999815 -0.0245334998203
0.322872845206 0.9143999815 -0.0241049223137
0.322872874933 0.9143999815 -0.024104920235
0.32808507342 0.9143999815 -0.023668000694
0.328085103148 0.9143999815 -0.0236679986153
0.333296611967 0.9143999815 -0.0232229265941
0.333296641694 0.9143999815 -0.0232229245154
0.338507472738 0.9143999815 -0.0227698672317
0.338507502466 0.9143999815 -0.022769865153
0.3437176375 0.9143999815 -0.0223089919111
0.343717667228 0.9143999815 -0.0223089898324
0.348927117008 0.9143999815 -0.0218404529934
0.348927146735 0.9143999815 -0.0218404509147
0.354135918538 0.9143999815 -0.0213643545444
0.354135948265 0.9143999815 -0.0213643524656
0.359344021457 0.9143999815 -0.0208808287052
0.359344051185 0.9143999815 -0.0208808266264
0.364551435381 0.9143999815 -0.02039001297
0.364551465108 0.9143999815 -0.0203900108913
0.369758168265 0.9143999815 -0.0198920225547
0.369758197993 0.9143999815 -0.0198920204759
0.374964258353 0.9143999815 -0.019386974286
0.37496428808 0.9143999815 -0.0193869722073
0.380169619899 0.9143999815 -0.0188749264371
0.380169649627 0.9143999815 -0.0188749243584
0.385374314539 0.9143999815 -0.0183559045809
0.385374344267 0.9143999815 -0.0183559025022
0.390578319561 0.9143999815 -0.0178300111213
0.390578349288 0.9143999815 -0.0178300090425
0.39578164198 0.9143999815 -0.017297346403
0.395781671708 0.9143999815 -0.0172973443243
0.400984283617 0.9143999815 -0.0167579364428
0.400984313345 0.9143999815 -0.016757934364
0.406186186735 0.9143999815 -0.0162118114114
0.406186216463 0.9143999815 -0.0162118093326
0.411387382722 0.9143999815 -0.0156589915286
0.411387412449 0.9143999815 -0.0156589894499
0.416587901403 0.9143999815 -0.0150994747089
0.416587931131 0.9143999815 -0.0150994726302
0.421787654857 0.9143999815 -0.0145332894949
0.421787684585 0.9143999815 -0.0145332874161
0.426986703098 0.9143999815 -0.0139604354291
0.426986732825 0.9143999815 -0.0139604333503
0.432185016039 0.9143999815 -0.0133809108863
0.432185045766 0.9143999815 -0.0133809088075
0.437382593839 0.9143999815 -0.0127947195944
0.437382623567 0.9143999815 -0.0127947175156
0.442579376365 0.9143999815 -0.0122018545411
0.442579406092 0.9143999815 -0.0122018524623
0.447775388665 0.9143999815 -0.0116022467611
0.447775418393 0.9143999815 -0.0116022446823
0.452970627524 0.9143999815 -0.0109958516801
0.452970657251 0.9143999815 -0.0109958496014
0.458165090539 0.9143999815 -0.0103826320951
0.458165120266 0.9143999815 -0.0103826300164
0.463358683133 0.9143999815 -0.00976251995765
0.46335871286 0.9143999815 -0.00976251787891
0.468551461123 0.9143999815 -0.00913545906734
0.46855149085 0.9143999815 -0.0091354569886
0.473743391342 0.9143999815 -0.00850139946601
0.473743421069 0.9143999815 -0.00850139738727
0.478934436068 0.9143999815 -0.00786023176856
0.478934465796 0.9143999815 -0.00786022968982
0.484124649139 0.9143999815 -0.00721187004021
0.484124678866 0.9143999815 -0.00721186796147
0.489313905407 0.9143999815 -0.00655623341371
0.489313935134 0.9143999815 -0.00655623133497
0.494502225926 0.9143999815 -0.00589319718674
0.494502255523 0.9143999815 -0.00589319325252
0.499689572491 0.9143999815 -0.00522264078056
0.499689602089 0.9143999815 -0.00522263684634
0.504875907741 0.9143999815 -0.004544458534
0.50487590761 0.9143999815 -0.00454445666855
0.510061225637 0.9143999815 -0.00385856122096
0.510061225507 0.9143999815 -0.00385855936549
0.515245515615 0.9143999815 -0.00316480208079
0.515245515486 0.9143999815 -0.00316480022532
0.520428766673 0.9143999815 -0.00246301944728
0.520428766542 0.9143999815 -0.00246301758184
0.525281721067 0.9143999815 -0.00179886949559
0.525281720937 0.9143999815 -0.00179886764012
0.529113303758 0.9143999815 -0.00126969635905
0.529113303758 0.9143999815 -0.00126969635905
0.53166431393 0.9143999815 -0.000914744921114
0.53166431393 0.9143999815 -0.000914744921114
0.533022682765 0.9143999815 -0.000687570555765
0.533400010388 0.9143999815 -0.000522730970399
0.533400010388 0.9143999815 -0.000522730970399
0.533400022814 0.9143999815 -0.000373377024922
0.533400022814 0.9143999815 -0.000373377024922
0.533400035369 0.9143999815 -0.000224024934914
0.533400035369 0.9143999815 -0.000224024934914
0.53339998834 0.9143999815 -7.46751469223e-05
0.53339998834 0.9143999815 -7.46751469223e-05
0.533399941311 0.9143999815 7.4674641069e-05
0.533399941311 0.9143999815 7.4674641069e-05
0.533400013191 0.9143999815 0.000224032744032
0.533400013191 0.9143999815 0.000224032744032
0.533399966292 0.9143999815 0.000373380676554
0.533399966292 0.9143999815 0.000373380676554
0.533399978848 0.9143999815 0.000522732766562
0.533399978848 0.9143999815 0.000522732766562
0.533399978848 0.9143999815 0.000522732766562
0.533022419597 0.9143999815 0.000687614027069
