VARIABLES = "X_ICED" "Y_ICED" "Z_ICED"
ZONE T="SLICE_Y_0p1_BINS01_KS_1mm_SINGLE_LAYER"
1.02809 0.10000 0.00000 
1.02809 0.10000 -0.00000 
1.02809 0.10000 -0.00000 
1.02807 0.10000 -0.00000 
1.02807 0.10000 -0.00000 
1.02804 0.10000 -0.00001 
1.02803 0.10000 -0.00001 
1.02799 0.10000 -0.00001 
1.02799 0.10000 -0.00001 
1.02793 0.10000 -0.00002 
1.02793 0.10000 -0.00002 
1.02786 0.10000 -0.00003 
1.02786 0.10000 -0.00003 
1.02778 0.10000 -0.00004 
1.02777 0.10000 -0.00004 
1.02768 0.10000 -0.00005 
1.02767 0.10000 -0.00005 
1.02756 0.10000 -0.00007 
1.02756 0.10000 -0.00007 
1.02743 0.10000 -0.00008 
1.02743 0.10000 -0.00009 
1.02729 0.10000 -0.00010 
1.02728 0.10000 -0.00010 
1.02713 0.10000 -0.00012 
1.02712 0.10000 -0.00013 
1.02695 0.10000 -0.00015 
1.02694 0.10000 -0.00015 
1.02676 0.10000 -0.00017 
1.02675 0.10000 -0.00017 
1.02655 0.10000 -0.00020 
1.02654 0.10000 -0.00020 
1.02632 0.10000 -0.00023 
1.02631 0.10000 -0.00023 
1.02608 0.10000 -0.00026 
1.02606 0.10000 -0.00026 
1.02581 0.10000 -0.00029 
1.02579 0.10000 -0.00030 
1.02552 0.10000 -0.00033 
1.02550 0.10000 -0.00033 
1.02521 0.10000 -0.00037 
1.02519 0.10000 -0.00037 
1.02488 0.10000 -0.00041 
1.02486 0.10000 -0.00042 
1.02452 0.10000 -0.00046 
1.02450 0.10000 -0.00046 
1.02414 0.10000 -0.00051 
1.02412 0.10000 -0.00051 
1.02373 0.10000 -0.00056 
1.02371 0.10000 -0.00056 
1.02329 0.10000 -0.00062 
1.02327 0.10000 -0.00062 
1.02283 0.10000 -0.00068 
1.02280 0.10000 -0.00068 
1.02233 0.10000 -0.00074 
1.02230 0.10000 -0.00074 
1.02180 0.10000 -0.00081 
1.02177 0.10000 -0.00081 
1.02123 0.10000 -0.00088 
1.02120 0.10000 -0.00088 
1.02062 0.10000 -0.00096 
1.02059 0.10000 -0.00096 
1.01998 0.10000 -0.00104 
1.01994 0.10000 -0.00104 
1.01929 0.10000 -0.00112 
1.01925 0.10000 -0.00113 
1.01856 0.10000 -0.00122 
1.01852 0.10000 -0.00122 
1.01778 0.10000 -0.00132 
1.01773 0.10000 -0.00132 
1.01694 0.10000 -0.00142 
1.01690 0.10000 -0.00143 
1.01606 0.10000 -0.00153 
1.01601 0.10000 -0.00154 
1.01511 0.10000 -0.00165 
1.01506 0.10000 -0.00166 
1.01410 0.10000 -0.00178 
1.01405 0.10000 -0.00178 
1.01303 0.10000 -0.00191 
1.01297 0.10000 -0.00192 
1.01189 0.10000 -0.00205 
1.01183 0.10000 -0.00206 
1.01067 0.10000 -0.00220 
1.01060 0.10000 -0.00221 
1.00937 0.10000 -0.00237 
1.00930 0.10000 -0.00237 
1.00798 0.10000 -0.00254 
1.00791 0.10000 -0.00255 
1.00651 0.10000 -0.00272 
1.00643 0.10000 -0.00273 
1.00493 0.10000 -0.00291 
1.00485 0.10000 -0.00292 
1.00326 0.10000 -0.00312 
1.00317 0.10000 -0.00313 
1.00147 0.10000 -0.00334 
1.00137 0.10000 -0.00335 
0.99956 0.10000 -0.00357 
0.99946 0.10000 -0.00359 
0.99752 0.10000 -0.00382 
0.99742 0.10000 -0.00384 
0.99536 0.10000 -0.00409 
0.99524 0.10000 -0.00410 
0.99304 0.10000 -0.00437 
0.99292 0.10000 -0.00439 
0.99057 0.10000 -0.00468 
0.99044 0.10000 -0.00469 
0.98794 0.10000 -0.00500 
0.98780 0.10000 -0.00502 
0.98514 0.10000 -0.00534 
0.98499 0.10000 -0.00536 
0.98214 0.10000 -0.00571 
0.98198 0.10000 -0.00573 
0.97895 0.10000 -0.00611 
0.97878 0.10000 -0.00613 
0.97555 0.10000 -0.00653 
0.97537 0.10000 -0.00655 
0.97193 0.10000 -0.00698 
0.97174 0.10000 -0.00700 
0.96807 0.10000 -0.00745 
0.96786 0.10000 -0.00748 
0.96396 0.10000 -0.00796 
0.96373 0.10000 -0.00799 
0.95958 0.10000 -0.00850 
0.95934 0.10000 -0.00853 
0.95491 0.10000 -0.00907 
0.95466 0.10000 -0.00910 
0.94995 0.10000 -0.00968 
0.94969 0.10000 -0.00971 
0.94468 0.10000 -0.01032 
0.94439 0.10000 -0.01035 
0.93907 0.10000 -0.01100 
0.93877 0.10000 -0.01103 
0.93311 0.10000 -0.01171 
0.93279 0.10000 -0.01175 
0.92678 0.10000 -0.01246 
0.92644 0.10000 -0.01250 
0.92007 0.10000 -0.01324 
0.91971 0.10000 -0.01329 
0.91296 0.10000 -0.01407 
0.91258 0.10000 -0.01411 
0.90542 0.10000 -0.01493 
0.90502 0.10000 -0.01497 
0.89745 0.10000 -0.01582 
0.89703 0.10000 -0.01587 
0.88903 0.10000 -0.01675 
0.88858 0.10000 -0.01680 
0.88014 0.10000 -0.01772 
0.87966 0.10000 -0.01777 
0.87076 0.10000 -0.01872 
0.87026 0.10000 -0.01878 
0.86088 0.10000 -0.01976 
0.86035 0.10000 -0.01981 
0.85050 0.10000 -0.02082 
0.84994 0.10000 -0.02088 
0.83960 0.10000 -0.02192 
0.83901 0.10000 -0.02198 
0.82817 0.10000 -0.02305 
0.82755 0.10000 -0.02311 
0.81621 0.10000 -0.02421 
0.81556 0.10000 -0.02428 
0.80371 0.10000 -0.02540 
0.80304 0.10000 -0.02547 
0.79068 0.10000 -0.02662 
0.78998 0.10000 -0.02669 
0.77713 0.10000 -0.02787 
0.77640 0.10000 -0.02793 
0.76305 0.10000 -0.02913 
0.76230 0.10000 -0.02920 
0.74847 0.10000 -0.03042 
0.74768 0.10000 -0.03049 
0.73339 0.10000 -0.03172 
0.73258 0.10000 -0.03179 
0.71784 0.10000 -0.03303 
0.71701 0.10000 -0.03310 
0.70185 0.10000 -0.03435 
0.70099 0.10000 -0.03442 
0.68543 0.10000 -0.03566 
0.68455 0.10000 -0.03573 
0.66864 0.10000 -0.03695 
0.66774 0.10000 -0.03702 
0.65150 0.10000 -0.03822 
0.65058 0.10000 -0.03829 
0.63405 0.10000 -0.03945 
0.63311 0.10000 -0.03952 
0.61634 0.10000 -0.04063 
0.61539 0.10000 -0.04069 
0.59842 0.10000 -0.04174 
0.59746 0.10000 -0.04180 
0.58034 0.10000 -0.04277 
0.57937 0.10000 -0.04283 
0.56214 0.10000 -0.04371 
0.56117 0.10000 -0.04376 
0.54389 0.10000 -0.04455 
0.54291 0.10000 -0.04460 
0.52564 0.10000 -0.04528 
0.52466 0.10000 -0.04532 
0.50743 0.10000 -0.04590 
0.50646 0.10000 -0.04593 
0.48933 0.10000 -0.04639 
0.48837 0.10000 -0.04642 
0.47139 0.10000 -0.04677 
0.47043 0.10000 -0.04679 
0.45366 0.10000 -0.04703 
0.45271 0.10000 -0.04704 
0.43618 0.10000 -0.04718 
0.43525 0.10000 -0.04718 
0.41901 0.10000 -0.04722 
0.41809 0.10000 -0.04722 
0.40217 0.10000 -0.04716 
0.40127 0.10000 -0.04715 
0.38572 0.10000 -0.04701 
0.38484 0.10000 -0.04700 
0.36968 0.10000 -0.04678 
0.36882 0.10000 -0.04676 
0.35408 0.10000 -0.04647 
0.35325 0.10000 -0.04646 
0.33895 0.10000 -0.04611 
0.33814 0.10000 -0.04609 
0.32431 0.10000 -0.04568 
0.32353 0.10000 -0.04566 
0.31018 0.10000 -0.04521 
0.30943 0.10000 -0.04519 
0.29657 0.10000 -0.04470 
0.29584 0.10000 -0.04467 
0.28348 0.10000 -0.04416 
0.28278 0.10000 -0.04413 
0.27093 0.10000 -0.04358 
0.27026 0.10000 -0.04355 
0.25891 0.10000 -0.04298 
0.25827 0.10000 -0.04294 
0.24743 0.10000 -0.04235 
0.24681 0.10000 -0.04232 
0.23647 0.10000 -0.04171 
0.23588 0.10000 -0.04168 
0.22603 0.10000 -0.04105 
0.22547 0.10000 -0.04102 
0.21610 0.10000 -0.04038 
0.21557 0.10000 -0.04035 
0.20667 0.10000 -0.03970 
0.20617 0.10000 -0.03967 
0.19772 0.10000 -0.03902 
0.19725 0.10000 -0.03898 
0.18925 0.10000 -0.03833 
0.18880 0.10000 -0.03829 
0.18123 0.10000 -0.03764 
0.18081 0.10000 -0.03760 
0.17365 0.10000 -0.03694 
0.17325 0.10000 -0.03691 
0.16650 0.10000 -0.03626 
0.16611 0.10000 -0.03622 
0.15974 0.10000 -0.03557 
0.15938 0.10000 -0.03553 
0.15338 0.10000 -0.03489 
0.15304 0.10000 -0.03486 
0.14738 0.10000 -0.03422 
0.14706 0.10000 -0.03419 
0.14174 0.10000 -0.03357 
0.14143 0.10000 -0.03353 
0.13642 0.10000 -0.03292 
0.13614 0.10000 -0.03289 
0.13143 0.10000 -0.03229 
0.13116 0.10000 -0.03225 
0.12674 0.10000 -0.03167 
0.12649 0.10000 -0.03164 
0.12213 0.10000 -0.03218 
0.12186 0.10000 -0.03229 
0.11744 0.10000 -0.03459 
0.11714 0.10000 -0.03472 
0.11332 0.10000 -0.03512 
0.11305 0.10000 -0.03509 
0.10963 0.10000 -0.03465 
0.10937 0.10000 -0.03462 
0.10615 0.10000 -0.03422 
0.10591 0.10000 -0.03419 
0.10287 0.10000 -0.03384 
0.10265 0.10000 -0.03381 
0.09978 0.10000 -0.03351 
0.09956 0.10000 -0.03348 
0.09685 0.10000 -0.03321 
0.09664 0.10000 -0.03319 
0.09407 0.10000 -0.03295 
0.09387 0.10000 -0.03292 
0.09143 0.10000 -0.03269 
0.09123 0.10000 -0.03267 
0.08891 0.10000 -0.03241 
0.08871 0.10000 -0.03239 
0.08651 0.10000 -0.03211 
0.08632 0.10000 -0.03208 
0.08424 0.10000 -0.03176 
0.08404 0.10000 -0.03172 
0.08207 0.10000 -0.03134 
0.08188 0.10000 -0.03130 
0.08003 0.10000 -0.03084 
0.07985 0.10000 -0.03080 
0.07812 0.10000 -0.03026 
0.07794 0.10000 -0.03020 
0.07632 0.10000 -0.02960 
0.07615 0.10000 -0.02953 
0.07466 0.10000 -0.02885 
0.07450 0.10000 -0.02877 
0.07313 0.10000 -0.02802 
0.07297 0.10000 -0.02794 
0.07172 0.10000 -0.02713 
0.07158 0.10000 -0.02704 
0.07045 0.10000 -0.02619 
0.07032 0.10000 -0.02610 
0.06929 0.10000 -0.02523 
0.06917 0.10000 -0.02513 
0.06824 0.10000 -0.02424 
0.06814 0.10000 -0.02414 
0.06731 0.10000 -0.02322 
0.06722 0.10000 -0.02312 
0.06648 0.10000 -0.02221 
0.06639 0.10000 -0.02212 
0.06571 0.10000 -0.02123 
0.06564 0.10000 -0.02114 
0.06501 0.10000 -0.02029 
0.06494 0.10000 -0.02020 
0.06438 0.10000 -0.01935 
0.06432 0.10000 -0.01926 
0.06382 0.10000 -0.01843 
0.06377 0.10000 -0.01835 
0.06330 0.10000 -0.01755 
0.06326 0.10000 -0.01747 
0.06284 0.10000 -0.01670 
0.06280 0.10000 -0.01662 
0.06242 0.10000 -0.01587 
0.06239 0.10000 -0.01580 
0.06202 0.10000 -0.01508 
0.06199 0.10000 -0.01502 
0.06165 0.10000 -0.01433 
0.06162 0.10000 -0.01427 
0.06130 0.10000 -0.01360 
0.06127 0.10000 -0.01355 
0.06097 0.10000 -0.01290 
0.06095 0.10000 -0.01285 
0.06067 0.10000 -0.01223 
0.06064 0.10000 -0.01218 
0.06038 0.10000 -0.01158 
0.06036 0.10000 -0.01153 
0.06011 0.10000 -0.01095 
0.06009 0.10000 -0.01090 
0.05986 0.10000 -0.01034 
0.05984 0.10000 -0.01030 
0.05961 0.10000 -0.00975 
0.05959 0.10000 -0.00971 
0.05937 0.10000 -0.00919 
0.05936 0.10000 -0.00915 
0.05916 0.10000 -0.00863 
0.05914 0.10000 -0.00859 
0.05895 0.10000 -0.00809 
0.05894 0.10000 -0.00805 
0.05875 0.10000 -0.00756 
0.05874 0.10000 -0.00753 
0.05857 0.10000 -0.00704 
0.05855 0.10000 -0.00701 
0.05839 0.10000 -0.00654 
0.05838 0.10000 -0.00650 
0.05823 0.10000 -0.00604 
0.05822 0.10000 -0.00601 
0.05808 0.10000 -0.00555 
0.05807 0.10000 -0.00552 
0.05794 0.10000 -0.00507 
0.05793 0.10000 -0.00504 
0.05780 0.10000 -0.00459 
0.05779 0.10000 -0.00456 
0.05768 0.10000 -0.00413 
0.05767 0.10000 -0.00410 
0.05756 0.10000 -0.00368 
0.05755 0.10000 -0.00366 
0.05745 0.10000 -0.00320 
0.05745 0.10000 -0.00317 
0.05736 0.10000 -0.00271 
0.05735 0.10000 -0.00268 
0.05728 0.10000 -0.00229 
0.05727 0.10000 -0.00227 
0.05720 0.10000 -0.00191 
0.05719 0.10000 -0.00188 
0.05712 0.10000 -0.00132 
0.05712 0.10000 -0.00128 
0.05705 0.10000 -0.00066 
0.05704 0.10000 -0.00062 
0.05699 0.10000 -0.00020 
0.05699 0.10000 -0.00018 
0.05697 0.10000 -0.00001 
0.05697 0.10000 0.00000 
0.05697 0.10000 0.00001 
0.05695 0.10000 0.00018 
0.05694 0.10000 0.00021 
0.05690 0.10000 0.00063 
0.05685 0.10000 0.00125 
0.05685 0.10000 0.00130 
0.05681 0.10000 0.00188 
0.05680 0.10000 0.00192 
0.05678 0.10000 0.00230 
0.05678 0.10000 0.00233 
0.05675 0.10000 0.00273 
0.05675 0.10000 0.00276 
0.05670 0.10000 0.00325 
0.05669 0.10000 0.00329 
0.05666 0.10000 0.00378 
0.05666 0.10000 0.00382 
0.05664 0.10000 0.00428 
0.05664 0.10000 0.00432 
0.05661 0.10000 0.00479 
0.05660 0.10000 0.00483 
0.05655 0.10000 0.00533 
0.05655 0.10000 0.00538 
0.05650 0.10000 0.00591 
0.05650 0.10000 0.00595 
0.05647 0.10000 0.00649 
0.05647 0.10000 0.00654 
0.05641 0.10000 0.00709 
0.05640 0.10000 0.00714 
0.05634 0.10000 0.00772 
0.05634 0.10000 0.00778 
0.05630 0.10000 0.00837 
0.05630 0.10000 0.00843 
0.05627 0.10000 0.00905 
0.05627 0.10000 0.00912 
0.05623 0.10000 0.00976 
0.05622 0.10000 0.00983 
0.05618 0.10000 0.01050 
0.05618 0.10000 0.01058 
0.05615 0.10000 0.01128 
0.05615 0.10000 0.01136 
0.05611 0.10000 0.01209 
0.05611 0.10000 0.01218 
0.05608 0.10000 0.01295 
0.05608 0.10000 0.01305 
0.05607 0.10000 0.01384 
0.05607 0.10000 0.01396 
0.05609 0.10000 0.01478 
0.05609 0.10000 0.01490 
0.05610 0.10000 0.01577 
0.05610 0.10000 0.01590 
0.05616 0.10000 0.01679 
0.05618 0.10000 0.01693 
0.05630 0.10000 0.01783 
0.05632 0.10000 0.01798 
0.05645 0.10000 0.01893 
0.05648 0.10000 0.01909 
0.05662 0.10000 0.02009 
0.05665 0.10000 0.02027 
0.05683 0.10000 0.02130 
0.05687 0.10000 0.02150 
0.05711 0.10000 0.02255 
0.05716 0.10000 0.02276 
0.05747 0.10000 0.02384 
0.05754 0.10000 0.02406 
0.05793 0.10000 0.02516 
0.05801 0.10000 0.02539 
0.05849 0.10000 0.02649 
0.05860 0.10000 0.02672 
0.05918 0.10000 0.02782 
0.05931 0.10000 0.02805 
0.05997 0.10000 0.02916 
0.06012 0.10000 0.02939 
0.06089 0.10000 0.03050 
0.06105 0.10000 0.03074 
0.06194 0.10000 0.03182 
0.06213 0.10000 0.03206 
0.06316 0.10000 0.03308 
0.06338 0.10000 0.03330 
0.06457 0.10000 0.03425 
0.06482 0.10000 0.03444 
0.06616 0.10000 0.03529 
0.06643 0.10000 0.03547 
0.06792 0.10000 0.03620 
0.06821 0.10000 0.03635 
0.06984 0.10000 0.03697 
0.07014 0.10000 0.03709 
0.07192 0.10000 0.03758 
0.07222 0.10000 0.03768 
0.07557 0.10000 0.03489 
0.07587 0.10000 0.03486 
0.08059 0.10000 0.02850 
0.08091 0.10000 0.02818 
0.08415 0.10000 0.02488 
0.08437 0.10000 0.02462 
0.08618 0.10000 0.02510 
0.08637 0.10000 0.02492 
0.08830 0.10000 0.02540 
0.08841 0.10000 0.02541 
0.09047 0.10000 0.02588 
0.09059 0.10000 0.02590 
0.09278 0.10000 0.02636 
0.09291 0.10000 0.02638 
0.09525 0.10000 0.02683 
0.09538 0.10000 0.02686 
0.09788 0.10000 0.02731 
0.09803 0.10000 0.02733 
0.10069 0.10000 0.02779 
0.10084 0.10000 0.02781 
0.10368 0.10000 0.02828 
0.10384 0.10000 0.02831 
0.10687 0.10000 0.02879 
0.10704 0.10000 0.02882 
0.11027 0.10000 0.02931 
0.11045 0.10000 0.02934 
0.11390 0.10000 0.02986 
0.11409 0.10000 0.02989 
0.11776 0.10000 0.03042 
0.11796 0.10000 0.03045 
0.12187 0.10000 0.03101 
0.12209 0.10000 0.03104 
0.12625 0.10000 0.03161 
0.12649 0.10000 0.03164 
0.13091 0.10000 0.03222 
0.13116 0.10000 0.03225 
0.13587 0.10000 0.03285 
0.13614 0.10000 0.03289 
0.14115 0.10000 0.03350 
0.14143 0.10000 0.03353 
0.14676 0.10000 0.03415 
0.14706 0.10000 0.03419 
0.15272 0.10000 0.03482 
0.15304 0.10000 0.03486 
0.15904 0.10000 0.03550 
0.15938 0.10000 0.03553 
0.16575 0.10000 0.03618 
0.16611 0.10000 0.03622 
0.17287 0.10000 0.03687 
0.17325 0.10000 0.03691 
0.18040 0.10000 0.03756 
0.18081 0.10000 0.03760 
0.18837 0.10000 0.03825 
0.18880 0.10000 0.03829 
0.19680 0.10000 0.03894 
0.19725 0.10000 0.03898 
0.20569 0.10000 0.03963 
0.20617 0.10000 0.03967 
0.21507 0.10000 0.04031 
0.21557 0.10000 0.04035 
0.22494 0.10000 0.04098 
0.22547 0.10000 0.04102 
0.23533 0.10000 0.04164 
0.23588 0.10000 0.04168 
0.24623 0.10000 0.04228 
0.24681 0.10000 0.04232 
0.25766 0.10000 0.04291 
0.25827 0.10000 0.04294 
0.26962 0.10000 0.04351 
0.27026 0.10000 0.04355 
0.28211 0.10000 0.04409 
0.28278 0.10000 0.04413 
0.29514 0.10000 0.04464 
0.29584 0.10000 0.04467 
0.30870 0.10000 0.04516 
0.30943 0.10000 0.04519 
0.32278 0.10000 0.04564 
0.32353 0.10000 0.04566 
0.33736 0.10000 0.04606 
0.33814 0.10000 0.04609 
0.35244 0.10000 0.04644 
0.35325 0.10000 0.04646 
0.36799 0.10000 0.04675 
0.36882 0.10000 0.04676 
0.38398 0.10000 0.04699 
0.38484 0.10000 0.04700 
0.40039 0.10000 0.04715 
0.40127 0.10000 0.04715 
0.41719 0.10000 0.04721 
0.41809 0.10000 0.04722 
0.43433 0.10000 0.04719 
0.43525 0.10000 0.04718 
0.45178 0.10000 0.04705 
0.45271 0.10000 0.04704 
0.46949 0.10000 0.04680 
0.47043 0.10000 0.04679 
0.48741 0.10000 0.04644 
0.48837 0.10000 0.04642 
0.50549 0.10000 0.04596 
0.50646 0.10000 0.04593 
0.52368 0.10000 0.04535 
0.52466 0.10000 0.04532 
0.54194 0.10000 0.04464 
0.54291 0.10000 0.04460 
0.56019 0.10000 0.04381 
0.56117 0.10000 0.04376 
0.57839 0.10000 0.04288 
0.57937 0.10000 0.04283 
0.59649 0.10000 0.04185 
0.59746 0.10000 0.04180 
0.61443 0.10000 0.04075 
0.61539 0.10000 0.04069 
0.63217 0.10000 0.03958 
0.63311 0.10000 0.03952 
0.64964 0.10000 0.03836 
0.65058 0.10000 0.03829 
0.66682 0.10000 0.03709 
0.66774 0.10000 0.03702 
0.68366 0.10000 0.03580 
0.68455 0.10000 0.03573 
0.70011 0.10000 0.03449 
0.70099 0.10000 0.03442 
0.71615 0.10000 0.03317 
0.71701 0.10000 0.03310 
0.73175 0.10000 0.03186 
0.73258 0.10000 0.03179 
0.74688 0.10000 0.03056 
0.74768 0.10000 0.03049 
0.76151 0.10000 0.02927 
0.76230 0.10000 0.02920 
0.77565 0.10000 0.02800 
0.77640 0.10000 0.02793 
0.78926 0.10000 0.02675 
0.78998 0.10000 0.02669 
0.80234 0.10000 0.02553 
0.80304 0.10000 0.02547 
0.81489 0.10000 0.02434 
0.81556 0.10000 0.02428 
0.82691 0.10000 0.02318 
0.82755 0.10000 0.02311 
0.83840 0.10000 0.02204 
0.83901 0.10000 0.02198 
0.84936 0.10000 0.02094 
0.84994 0.10000 0.02088 
0.85980 0.10000 0.01987 
0.86035 0.10000 0.01981 
0.86973 0.10000 0.01883 
0.87026 0.10000 0.01878 
0.87916 0.10000 0.01783 
0.87966 0.10000 0.01777 
0.88810 0.10000 0.01686 
0.88858 0.10000 0.01680 
0.89657 0.10000 0.01592 
0.89703 0.10000 0.01587 
0.90459 0.10000 0.01502 
0.90502 0.10000 0.01497 
0.91217 0.10000 0.01416 
0.91258 0.10000 0.01411 
0.91933 0.10000 0.01333 
0.91971 0.10000 0.01329 
0.92608 0.10000 0.01254 
0.92644 0.10000 0.01250 
0.93245 0.10000 0.01179 
0.93279 0.10000 0.01175 
0.93845 0.10000 0.01107 
0.93877 0.10000 0.01103 
0.94409 0.10000 0.01039 
0.94439 0.10000 0.01035 
0.94940 0.10000 0.00975 
0.94969 0.10000 0.00971 
0.95440 0.10000 0.00914 
0.95466 0.10000 0.00910 
0.95909 0.10000 0.00856 
0.95934 0.10000 0.00853 
0.96350 0.10000 0.00802 
0.96373 0.10000 0.00799 
0.96764 0.10000 0.00751 
0.96786 0.10000 0.00748 
0.97153 0.10000 0.00703 
0.97174 0.10000 0.00700 
0.97518 0.10000 0.00657 
0.97537 0.10000 0.00655 
0.97860 0.10000 0.00615 
0.97878 0.10000 0.00613 
0.98181 0.10000 0.00575 
0.98198 0.10000 0.00573 
0.98482 0.10000 0.00538 
0.98499 0.10000 0.00536 
0.98765 0.10000 0.00503 
0.98780 0.10000 0.00502 
0.99030 0.10000 0.00471 
0.99044 0.10000 0.00469 
0.99278 0.10000 0.00440 
0.99292 0.10000 0.00439 
0.99511 0.10000 0.00412 
0.99524 0.10000 0.00410 
0.99730 0.10000 0.00385 
0.99742 0.10000 0.00384 
0.99935 0.10000 0.00360 
0.99946 0.10000 0.00359 
1.00127 0.10000 0.00336 
1.00137 0.10000 0.00335 
1.00307 0.10000 0.00314 
1.00317 0.10000 0.00313 
1.00476 0.10000 0.00293 
1.00485 0.10000 0.00292 
1.00634 0.10000 0.00274 
1.00643 0.10000 0.00273 
1.00783 0.10000 0.00256 
1.00791 0.10000 0.00255 
1.00923 0.10000 0.00238 
1.00930 0.10000 0.00237 
1.01053 0.10000 0.00222 
1.01060 0.10000 0.00221 
1.01176 0.10000 0.00207 
1.01183 0.10000 0.00206 
1.01291 0.10000 0.00192 
1.01297 0.10000 0.00192 
1.01399 0.10000 0.00179 
1.01405 0.10000 0.00178 
1.01501 0.10000 0.00166 
1.01506 0.10000 0.00166 
1.01596 0.10000 0.00154 
1.01601 0.10000 0.00154 
1.01685 0.10000 0.00143 
1.01690 0.10000 0.00143 
1.01769 0.10000 0.00133 
1.01773 0.10000 0.00132 
1.01848 0.10000 0.00123 
1.01852 0.10000 0.00122 
1.01921 0.10000 0.00113 
1.01925 0.10000 0.00113 
1.01991 0.10000 0.00105 
1.01994 0.10000 0.00104 
1.02056 0.10000 0.00096 
1.02059 0.10000 0.00096 
1.02117 0.10000 0.00089 
1.02120 0.10000 0.00088 
1.02174 0.10000 0.00081 
1.02177 0.10000 0.00081 
1.02227 0.10000 0.00075 
1.02230 0.10000 0.00074 
1.02278 0.10000 0.00068 
1.02280 0.10000 0.00068 
1.02325 0.10000 0.00062 
1.02327 0.10000 0.00062 
1.02368 0.10000 0.00057 
1.02371 0.10000 0.00056 
1.02410 0.10000 0.00051 
1.02412 0.10000 0.00051 
1.02448 0.10000 0.00046 
1.02450 0.10000 0.00046 
1.02484 0.10000 0.00042 
1.02486 0.10000 0.00042 
1.02518 0.10000 0.00037 
1.02519 0.10000 0.00037 
1.02549 0.10000 0.00033 
1.02550 0.10000 0.00033 
1.02578 0.10000 0.00030 
1.02579 0.10000 0.00030 
1.02605 0.10000 0.00026 
1.02606 0.10000 0.00026 
1.02630 0.10000 0.00023 
1.02631 0.10000 0.00023 
1.02653 0.10000 0.00020 
1.02654 0.10000 0.00020 
1.02674 0.10000 0.00017 
1.02675 0.10000 0.00017 
1.02693 0.10000 0.00015 
1.02694 0.10000 0.00015 
1.02711 0.10000 0.00013 
1.02712 0.10000 0.00013 
1.02727 0.10000 0.00011 
1.02728 0.10000 0.00010 
1.02742 0.10000 0.00009 
1.02743 0.10000 0.00009 
1.02755 0.10000 0.00007 
1.02756 0.10000 0.00007 
1.02766 0.10000 0.00006 
1.02767 0.10000 0.00005 
1.02777 0.10000 0.00004 
1.02777 0.10000 0.00004 
1.02785 0.10000 0.00003 
1.02786 0.10000 0.00003 
1.02793 0.10000 0.00002 
1.02793 0.10000 0.00002 
1.02799 0.10000 0.00001 
1.02799 0.10000 0.00001 
1.02803 0.10000 0.00001 
1.02803 0.10000 0.00001 
1.02807 0.10000 0.00000 
1.02807 0.10000 0.00000 
1.02809 0.10000 0.00000 
1.02809 0.10000 0.00000 
1.02809 0.10000 0.00000 
1.02809 0.10000 0.00000 

ZONE T="SLICE_Y_0p75_BINS01_KS_1mm_SINGLE_LAYER"
1.21070 0.75000 0.00000 
1.21070 0.75000 -0.00000 
1.21069 0.75000 -0.00000 
1.21068 0.75000 -0.00000 
1.21068 0.75000 -0.00000 
1.21066 0.75000 -0.00000 
1.21065 0.75000 -0.00001 
1.21063 0.75000 -0.00001 
1.21062 0.75000 -0.00001 
1.21058 0.75000 -0.00001 
1.21057 0.75000 -0.00002 
1.21053 0.75000 -0.00002 
1.21051 0.75000 -0.00002 
1.21046 0.75000 -0.00003 
1.21044 0.75000 -0.00003 
1.21039 0.75000 -0.00004 
1.21036 0.75000 -0.00004 
1.21030 0.75000 -0.00005 
1.21027 0.75000 -0.00006 
1.21020 0.75000 -0.00006 
1.21016 0.75000 -0.00007 
1.21009 0.75000 -0.00008 
1.21005 0.75000 -0.00008 
1.20996 0.75000 -0.00009 
1.20992 0.75000 -0.00010 
1.20982 0.75000 -0.00011 
1.20978 0.75000 -0.00012 
1.20967 0.75000 -0.00013 
1.20962 0.75000 -0.00014 
1.20951 0.75000 -0.00015 
1.20945 0.75000 -0.00016 
1.20933 0.75000 -0.00018 
1.20927 0.75000 -0.00018 
1.20914 0.75000 -0.00020 
1.20907 0.75000 -0.00021 
1.20893 0.75000 -0.00023 
1.20886 0.75000 -0.00024 
1.20870 0.75000 -0.00026 
1.20862 0.75000 -0.00027 
1.20846 0.75000 -0.00029 
1.20838 0.75000 -0.00030 
1.20820 0.75000 -0.00032 
1.20811 0.75000 -0.00033 
1.20792 0.75000 -0.00036 
1.20782 0.75000 -0.00037 
1.20762 0.75000 -0.00040 
1.20751 0.75000 -0.00041 
1.20729 0.75000 -0.00044 
1.20719 0.75000 -0.00045 
1.20695 0.75000 -0.00048 
1.20683 0.75000 -0.00050 
1.20658 0.75000 -0.00053 
1.20646 0.75000 -0.00054 
1.20619 0.75000 -0.00058 
1.20606 0.75000 -0.00059 
1.20577 0.75000 -0.00063 
1.20563 0.75000 -0.00065 
1.20533 0.75000 -0.00069 
1.20517 0.75000 -0.00071 
1.20485 0.75000 -0.00075 
1.20469 0.75000 -0.00077 
1.20434 0.75000 -0.00081 
1.20417 0.75000 -0.00083 
1.20380 0.75000 -0.00088 
1.20361 0.75000 -0.00090 
1.20322 0.75000 -0.00095 
1.20303 0.75000 -0.00098 
1.20261 0.75000 -0.00103 
1.20240 0.75000 -0.00106 
1.20195 0.75000 -0.00111 
1.20173 0.75000 -0.00114 
1.20125 0.75000 -0.00120 
1.20101 0.75000 -0.00123 
1.20051 0.75000 -0.00130 
1.20025 0.75000 -0.00133 
1.19972 0.75000 -0.00140 
1.19944 0.75000 -0.00143 
1.19887 0.75000 -0.00150 
1.19858 0.75000 -0.00154 
1.19797 0.75000 -0.00161 
1.19766 0.75000 -0.00165 
1.19701 0.75000 -0.00173 
1.19668 0.75000 -0.00177 
1.19599 0.75000 -0.00186 
1.19564 0.75000 -0.00190 
1.19490 0.75000 -0.00199 
1.19452 0.75000 -0.00204 
1.19373 0.75000 -0.00214 
1.19334 0.75000 -0.00219 
1.19249 0.75000 -0.00229 
1.19207 0.75000 -0.00234 
1.19117 0.75000 -0.00245 
1.19072 0.75000 -0.00251 
1.18976 0.75000 -0.00263 
1.18928 0.75000 -0.00269 
1.18826 0.75000 -0.00281 
1.18775 0.75000 -0.00287 
1.18666 0.75000 -0.00301 
1.18611 0.75000 -0.00308 
1.18495 0.75000 -0.00322 
1.18437 0.75000 -0.00329 
1.18313 0.75000 -0.00344 
1.18251 0.75000 -0.00352 
1.18119 0.75000 -0.00368 
1.18052 0.75000 -0.00376 
1.17911 0.75000 -0.00393 
1.17841 0.75000 -0.00402 
1.17691 0.75000 -0.00420 
1.17615 0.75000 -0.00430 
1.17455 0.75000 -0.00449 
1.17374 0.75000 -0.00459 
1.17204 0.75000 -0.00480 
1.17118 0.75000 -0.00491 
1.16936 0.75000 -0.00514 
1.16845 0.75000 -0.00525 
1.16651 0.75000 -0.00549 
1.16553 0.75000 -0.00561 
1.16347 0.75000 -0.00587 
1.16243 0.75000 -0.00599 
1.16023 0.75000 -0.00627 
1.15912 0.75000 -0.00640 
1.15678 0.75000 -0.00669 
1.15560 0.75000 -0.00684 
1.15310 0.75000 -0.00714 
1.15185 0.75000 -0.00730 
1.14919 0.75000 -0.00762 
1.14786 0.75000 -0.00778 
1.14504 0.75000 -0.00813 
1.14362 0.75000 -0.00830 
1.14062 0.75000 -0.00866 
1.13911 0.75000 -0.00884 
1.13592 0.75000 -0.00922 
1.13432 0.75000 -0.00942 
1.13093 0.75000 -0.00982 
1.12923 0.75000 -0.01002 
1.12564 0.75000 -0.01044 
1.12384 0.75000 -0.01065 
1.12003 0.75000 -0.01109 
1.11812 0.75000 -0.01131 
1.11409 0.75000 -0.01177 
1.11206 0.75000 -0.01200 
1.10780 0.75000 -0.01248 
1.10565 0.75000 -0.01272 
1.10115 0.75000 -0.01322 
1.09888 0.75000 -0.01347 
1.09413 0.75000 -0.01398 
1.09174 0.75000 -0.01424 
1.08672 0.75000 -0.01478 
1.08420 0.75000 -0.01505 
1.07892 0.75000 -0.01560 
1.07626 0.75000 -0.01588 
1.07071 0.75000 -0.01645 
1.06792 0.75000 -0.01674 
1.06209 0.75000 -0.01732 
1.05916 0.75000 -0.01762 
1.05305 0.75000 -0.01822 
1.04998 0.75000 -0.01853 
1.04358 0.75000 -0.01915 
1.04037 0.75000 -0.01946 
1.03369 0.75000 -0.02009 
1.03033 0.75000 -0.02041 
1.02337 0.75000 -0.02106 
1.01987 0.75000 -0.02139 
1.01262 0.75000 -0.02205 
1.00898 0.75000 -0.02239 
1.00146 0.75000 -0.02306 
0.99767 0.75000 -0.02340 
0.98988 0.75000 -0.02409 
0.98596 0.75000 -0.02443 
0.97791 0.75000 -0.02513 
0.97386 0.75000 -0.02548 
0.96555 0.75000 -0.02618 
0.96138 0.75000 -0.02653 
0.95284 0.75000 -0.02723 
0.94854 0.75000 -0.02759 
0.93978 0.75000 -0.02828 
0.93537 0.75000 -0.02864 
0.92640 0.75000 -0.02933 
0.92189 0.75000 -0.02967 
0.91274 0.75000 -0.03035 
0.90814 0.75000 -0.03069 
0.89883 0.75000 -0.03134 
0.89414 0.75000 -0.03167 
0.88469 0.75000 -0.03230 
0.87994 0.75000 -0.03261 
0.87038 0.75000 -0.03320 
0.86556 0.75000 -0.03350 
0.85592 0.75000 -0.03405 
0.85106 0.75000 -0.03432 
0.84136 0.75000 -0.03482 
0.83648 0.75000 -0.03507 
0.82674 0.75000 -0.03552 
0.82185 0.75000 -0.03574 
0.81211 0.75000 -0.03613 
0.80722 0.75000 -0.03632 
0.79751 0.75000 -0.03665 
0.79263 0.75000 -0.03681 
0.78298 0.75000 -0.03707 
0.77813 0.75000 -0.03720 
0.76857 0.75000 -0.03740 
0.76376 0.75000 -0.03750 
0.75431 0.75000 -0.03764 
0.74955 0.75000 -0.03770 
0.74024 0.75000 -0.03778 
0.73556 0.75000 -0.03782 
0.72641 0.75000 -0.03783 
0.72180 0.75000 -0.03784 
0.71284 0.75000 -0.03781 
0.70833 0.75000 -0.03779 
0.69956 0.75000 -0.03771 
0.69516 0.75000 -0.03767 
0.68662 0.75000 -0.03754 
0.68232 0.75000 -0.03748 
0.67401 0.75000 -0.03732 
0.66984 0.75000 -0.03723 
0.66178 0.75000 -0.03704 
0.65773 0.75000 -0.03694 
0.64994 0.75000 -0.03671 
0.64602 0.75000 -0.03660 
0.63850 0.75000 -0.03634 
0.63472 0.75000 -0.03622 
0.62747 0.75000 -0.03594 
0.62383 0.75000 -0.03580 
0.61687 0.75000 -0.03551 
0.61337 0.75000 -0.03536 
0.60669 0.75000 -0.03506 
0.60333 0.75000 -0.03490 
0.59694 0.75000 -0.03458 
0.59372 0.75000 -0.03442 
0.58761 0.75000 -0.03408 
0.58454 0.75000 -0.03392 
0.57871 0.75000 -0.03357 
0.57578 0.75000 -0.03340 
0.57022 0.75000 -0.03305 
0.56743 0.75000 -0.03287 
0.56215 0.75000 -0.03252 
0.55950 0.75000 -0.03234 
0.55448 0.75000 -0.03197 
0.55196 0.75000 -0.03179 
0.54720 0.75000 -0.03143 
0.54481 0.75000 -0.03124 
0.54031 0.75000 -0.03087 
0.53804 0.75000 -0.03069 
0.53378 0.75000 -0.03032 
0.53163 0.75000 -0.03013 
0.52760 0.75000 -0.02977 
0.52558 0.75000 -0.02958 
0.52177 0.75000 -0.02921 
0.51986 0.75000 -0.02903 
0.51627 0.75000 -0.02866 
0.51446 0.75000 -0.02848 
0.51108 0.75000 -0.02812 
0.50938 0.75000 -0.02794 
0.50619 0.75000 -0.02758 
0.50459 0.75000 -0.02740 
0.50159 0.75000 -0.02705 
0.50008 0.75000 -0.02687 
0.49726 0.75000 -0.02653 
0.49584 0.75000 -0.02636 
0.49316 0.75000 -0.02618 
0.49181 0.75000 -0.02603 
0.48902 0.75000 -0.02755 
0.48755 0.75000 -0.02836 
0.48497 0.75000 -0.02972 
0.48352 0.75000 -0.03052 
0.48139 0.75000 -0.03024 
0.48017 0.75000 -0.03008 
0.47817 0.75000 -0.02982 
0.47702 0.75000 -0.02967 
0.47515 0.75000 -0.02944 
0.47406 0.75000 -0.02930 
0.47230 0.75000 -0.02909 
0.47128 0.75000 -0.02897 
0.46962 0.75000 -0.02879 
0.46865 0.75000 -0.02868 
0.46708 0.75000 -0.02853 
0.46616 0.75000 -0.02844 
0.46467 0.75000 -0.02831 
0.46379 0.75000 -0.02823 
0.46239 0.75000 -0.02811 
0.46154 0.75000 -0.02805 
0.46020 0.75000 -0.02793 
0.45939 0.75000 -0.02786 
0.45812 0.75000 -0.02774 
0.45733 0.75000 -0.02766 
0.45614 0.75000 -0.02751 
0.45537 0.75000 -0.02742 
0.45424 0.75000 -0.02723 
0.45351 0.75000 -0.02711 
0.45244 0.75000 -0.02689 
0.45174 0.75000 -0.02674 
0.45074 0.75000 -0.02647 
0.45007 0.75000 -0.02629 
0.44914 0.75000 -0.02597 
0.44850 0.75000 -0.02575 
0.44765 0.75000 -0.02539 
0.44705 0.75000 -0.02513 
0.44627 0.75000 -0.02474 
0.44570 0.75000 -0.02445 
0.44499 0.75000 -0.02402 
0.44447 0.75000 -0.02370 
0.44383 0.75000 -0.02323 
0.44336 0.75000 -0.02288 
0.44279 0.75000 -0.02238 
0.44236 0.75000 -0.02201 
0.44184 0.75000 -0.02150 
0.44146 0.75000 -0.02113 
0.44101 0.75000 -0.02060 
0.44067 0.75000 -0.02022 
0.44025 0.75000 -0.01972 
0.43994 0.75000 -0.01934 
0.43957 0.75000 -0.01883 
0.43931 0.75000 -0.01846 
0.43898 0.75000 -0.01795 
0.43874 0.75000 -0.01759 
0.43845 0.75000 -0.01709 
0.43824 0.75000 -0.01674 
0.43797 0.75000 -0.01625 
0.43778 0.75000 -0.01592 
0.43754 0.75000 -0.01545 
0.43738 0.75000 -0.01512 
0.43716 0.75000 -0.01466 
0.43701 0.75000 -0.01436 
0.43680 0.75000 -0.01393 
0.43667 0.75000 -0.01364 
0.43648 0.75000 -0.01322 
0.43637 0.75000 -0.01294 
0.43619 0.75000 -0.01254 
0.43607 0.75000 -0.01228 
0.43590 0.75000 -0.01190 
0.43579 0.75000 -0.01166 
0.43564 0.75000 -0.01128 
0.43554 0.75000 -0.01105 
0.43539 0.75000 -0.01069 
0.43530 0.75000 -0.01047 
0.43516 0.75000 -0.01012 
0.43508 0.75000 -0.00991 
0.43494 0.75000 -0.00958 
0.43485 0.75000 -0.00938 
0.43472 0.75000 -0.00906 
0.43464 0.75000 -0.00887 
0.43451 0.75000 -0.00856 
0.43444 0.75000 -0.00838 
0.43432 0.75000 -0.00807 
0.43425 0.75000 -0.00790 
0.43413 0.75000 -0.00760 
0.43406 0.75000 -0.00744 
0.43395 0.75000 -0.00715 
0.43389 0.75000 -0.00699 
0.43378 0.75000 -0.00671 
0.43372 0.75000 -0.00655 
0.43362 0.75000 -0.00627 
0.43356 0.75000 -0.00612 
0.43346 0.75000 -0.00585 
0.43341 0.75000 -0.00570 
0.43332 0.75000 -0.00544 
0.43326 0.75000 -0.00529 
0.43317 0.75000 -0.00504 
0.43313 0.75000 -0.00490 
0.43304 0.75000 -0.00464 
0.43299 0.75000 -0.00450 
0.43291 0.75000 -0.00425 
0.43287 0.75000 -0.00411 
0.43279 0.75000 -0.00386 
0.43275 0.75000 -0.00372 
0.43268 0.75000 -0.00348 
0.43264 0.75000 -0.00335 
0.43257 0.75000 -0.00312 
0.43254 0.75000 -0.00299 
0.43247 0.75000 -0.00273 
0.43243 0.75000 -0.00259 
0.43237 0.75000 -0.00234 
0.43233 0.75000 -0.00219 
0.43227 0.75000 -0.00198 
0.43224 0.75000 -0.00187 
0.43218 0.75000 -0.00166 
0.43215 0.75000 -0.00155 
0.43209 0.75000 -0.00123 
0.43206 0.75000 -0.00105 
0.43199 0.75000 -0.00071 
0.43195 0.75000 -0.00052 
0.43189 0.75000 -0.00029 
0.43186 0.75000 -0.00016 
0.43183 0.75000 -0.00006 
0.43182 0.75000 0.00000 
0.43180 0.75000 0.00006 
0.43178 0.75000 0.00016 
0.43175 0.75000 0.00029 
0.43169 0.75000 0.00053 
0.43160 0.75000 0.00087 
0.43155 0.75000 0.00107 
0.43148 0.75000 0.00141 
0.43144 0.75000 0.00161 
0.43138 0.75000 0.00184 
0.43135 0.75000 0.00198 
0.43126 0.75000 0.00220 
0.43120 0.75000 0.00234 
0.43109 0.75000 0.00262 
0.43103 0.75000 0.00280 
0.43095 0.75000 0.00310 
0.43091 0.75000 0.00328 
0.43083 0.75000 0.00356 
0.43078 0.75000 0.00374 
0.43068 0.75000 0.00402 
0.43061 0.75000 0.00420 
0.43050 0.75000 0.00450 
0.43042 0.75000 0.00471 
0.43031 0.75000 0.00503 
0.43023 0.75000 0.00526 
0.43010 0.75000 0.00558 
0.43002 0.75000 0.00582 
0.42992 0.75000 0.00615 
0.42985 0.75000 0.00640 
0.42973 0.75000 0.00673 
0.42962 0.75000 0.00701 
0.42949 0.75000 0.00737 
0.42939 0.75000 0.00767 
0.42926 0.75000 0.00804 
0.42917 0.75000 0.00836 
0.42904 0.75000 0.00875 
0.42893 0.75000 0.00909 
0.42881 0.75000 0.00948 
0.42868 0.75000 0.00986 
0.42856 0.75000 0.01027 
0.42845 0.75000 0.01067 
0.42833 0.75000 0.01109 
0.42823 0.75000 0.01152 
0.42812 0.75000 0.01195 
0.42800 0.75000 0.01243 
0.42790 0.75000 0.01287 
0.42778 0.75000 0.01338 
0.42769 0.75000 0.01384 
0.42759 0.75000 0.01439 
0.42748 0.75000 0.01487 
0.42735 0.75000 0.01548 
0.42726 0.75000 0.01597 
0.42716 0.75000 0.01662 
0.42711 0.75000 0.01710 
0.42704 0.75000 0.01779 
0.42700 0.75000 0.01829 
0.42698 0.75000 0.01900 
0.42697 0.75000 0.01949 
0.42698 0.75000 0.02025 
0.42699 0.75000 0.02075 
0.42698 0.75000 0.02160 
0.42701 0.75000 0.02211 
0.42705 0.75000 0.02300 
0.42711 0.75000 0.02351 
0.42723 0.75000 0.02442 
0.42734 0.75000 0.02492 
0.42753 0.75000 0.02587 
0.42765 0.75000 0.02638 
0.42790 0.75000 0.02737 
0.42806 0.75000 0.02788 
0.42841 0.75000 0.02887 
0.42864 0.75000 0.02934 
0.42910 0.75000 0.03030 
0.42938 0.75000 0.03076 
0.42993 0.75000 0.03172 
0.43026 0.75000 0.03216 
0.43092 0.75000 0.03308 
0.43132 0.75000 0.03351 
0.43209 0.75000 0.03436 
0.43257 0.75000 0.03475 
0.43347 0.75000 0.03549 
0.43403 0.75000 0.03584 
0.43503 0.75000 0.03649 
0.43663 0.75000 0.03520 
0.43878 0.75000 0.03373 
0.44293 0.75000 0.02786 
0.44671 0.75000 0.02253 
0.44894 0.75000 0.02002 
0.45032 0.75000 0.01836 
0.45118 0.75000 0.01860 
0.45162 0.75000 0.01872 
0.45252 0.75000 0.01900 
0.45297 0.75000 0.01914 
0.45393 0.75000 0.01942 
0.45441 0.75000 0.01956 
0.45543 0.75000 0.01983 
0.45595 0.75000 0.01997 
0.45703 0.75000 0.02023 
0.45758 0.75000 0.02037 
0.45874 0.75000 0.02063 
0.45933 0.75000 0.02076 
0.46056 0.75000 0.02101 
0.46119 0.75000 0.02114 
0.46251 0.75000 0.02140 
0.46317 0.75000 0.02152 
0.46458 0.75000 0.02178 
0.46529 0.75000 0.02191 
0.46679 0.75000 0.02216 
0.46754 0.75000 0.02229 
0.46914 0.75000 0.02256 
0.46995 0.75000 0.02269 
0.47166 0.75000 0.02296 
0.47252 0.75000 0.02310 
0.47433 0.75000 0.02338 
0.47525 0.75000 0.02352 
0.47719 0.75000 0.02381 
0.47816 0.75000 0.02395 
0.48023 0.75000 0.02426 
0.48127 0.75000 0.02441 
0.48347 0.75000 0.02472 
0.48458 0.75000 0.02488 
0.48692 0.75000 0.02520 
0.48810 0.75000 0.02536 
0.49059 0.75000 0.02569 
0.49185 0.75000 0.02585 
0.49450 0.75000 0.02619 
0.49584 0.75000 0.02636 
0.49866 0.75000 0.02670 
0.50008 0.75000 0.02687 
0.50308 0.75000 0.02722 
0.50459 0.75000 0.02740 
0.50777 0.75000 0.02776 
0.50938 0.75000 0.02794 
0.51276 0.75000 0.02830 
0.51446 0.75000 0.02848 
0.51805 0.75000 0.02884 
0.51986 0.75000 0.02903 
0.52366 0.75000 0.02939 
0.52558 0.75000 0.02958 
0.52961 0.75000 0.02995 
0.53163 0.75000 0.03013 
0.53589 0.75000 0.03050 
0.53804 0.75000 0.03069 
0.54254 0.75000 0.03106 
0.54481 0.75000 0.03124 
0.54957 0.75000 0.03161 
0.55196 0.75000 0.03179 
0.55697 0.75000 0.03215 
0.55950 0.75000 0.03234 
0.56477 0.75000 0.03269 
0.56743 0.75000 0.03287 
0.57298 0.75000 0.03322 
0.57578 0.75000 0.03340 
0.58160 0.75000 0.03374 
0.58454 0.75000 0.03392 
0.59064 0.75000 0.03425 
0.59372 0.75000 0.03442 
0.60011 0.75000 0.03474 
0.60333 0.75000 0.03490 
0.61001 0.75000 0.03521 
0.61337 0.75000 0.03536 
0.62033 0.75000 0.03566 
0.62383 0.75000 0.03580 
0.63107 0.75000 0.03608 
0.63472 0.75000 0.03622 
0.64224 0.75000 0.03647 
0.64602 0.75000 0.03660 
0.65381 0.75000 0.03682 
0.65773 0.75000 0.03694 
0.66578 0.75000 0.03713 
0.66984 0.75000 0.03723 
0.67814 0.75000 0.03740 
0.68232 0.75000 0.03748 
0.69086 0.75000 0.03761 
0.69516 0.75000 0.03767 
0.70392 0.75000 0.03775 
0.70833 0.75000 0.03779 
0.71729 0.75000 0.03783 
0.72180 0.75000 0.03784 
0.73095 0.75000 0.03783 
0.73556 0.75000 0.03782 
0.74487 0.75000 0.03774 
0.74955 0.75000 0.03770 
0.75900 0.75000 0.03757 
0.76376 0.75000 0.03750 
0.77332 0.75000 0.03730 
0.77813 0.75000 0.03720 
0.78778 0.75000 0.03694 
0.79263 0.75000 0.03681 
0.80233 0.75000 0.03649 
0.80722 0.75000 0.03632 
0.81695 0.75000 0.03594 
0.82185 0.75000 0.03574 
0.83158 0.75000 0.03530 
0.83648 0.75000 0.03507 
0.84618 0.75000 0.03457 
0.85106 0.75000 0.03432 
0.86071 0.75000 0.03378 
0.86556 0.75000 0.03350 
0.87513 0.75000 0.03291 
0.87994 0.75000 0.03261 
0.88939 0.75000 0.03199 
0.89414 0.75000 0.03167 
0.90345 0.75000 0.03102 
0.90814 0.75000 0.03069 
0.91729 0.75000 0.03001 
0.92189 0.75000 0.02967 
0.93086 0.75000 0.02898 
0.93537 0.75000 0.02864 
0.94413 0.75000 0.02794 
0.94854 0.75000 0.02759 
0.95708 0.75000 0.02688 
0.96138 0.75000 0.02653 
0.96968 0.75000 0.02583 
0.97386 0.75000 0.02548 
0.98191 0.75000 0.02478 
0.98596 0.75000 0.02443 
0.99375 0.75000 0.02375 
0.99767 0.75000 0.02340 
1.00519 0.75000 0.02273 
1.00898 0.75000 0.02239 
1.01622 0.75000 0.02172 
1.01987 0.75000 0.02139 
1.02683 0.75000 0.02074 
1.03033 0.75000 0.02041 
1.03701 0.75000 0.01978 
1.04037 0.75000 0.01946 
1.04676 0.75000 0.01884 
1.04998 0.75000 0.01853 
1.05608 0.75000 0.01792 
1.05916 0.75000 0.01762 
1.06499 0.75000 0.01703 
1.06792 0.75000 0.01674 
1.07347 0.75000 0.01617 
1.07626 0.75000 0.01588 
1.08154 0.75000 0.01533 
1.08420 0.75000 0.01505 
1.08921 0.75000 0.01451 
1.09174 0.75000 0.01424 
1.09649 0.75000 0.01373 
1.09888 0.75000 0.01347 
1.10339 0.75000 0.01297 
1.10565 0.75000 0.01272 
1.10992 0.75000 0.01224 
1.11206 0.75000 0.01200 
1.11609 0.75000 0.01154 
1.11812 0.75000 0.01131 
1.12192 0.75000 0.01087 
1.12384 0.75000 0.01065 
1.12742 0.75000 0.01023 
1.12923 0.75000 0.01002 
1.13261 0.75000 0.00962 
1.13432 0.75000 0.00942 
1.13750 0.75000 0.00903 
1.13911 0.75000 0.00884 
1.14211 0.75000 0.00848 
1.14362 0.75000 0.00830 
1.14644 0.75000 0.00796 
1.14786 0.75000 0.00778 
1.15051 0.75000 0.00746 
1.15185 0.75000 0.00730 
1.15434 0.75000 0.00699 
1.15560 0.75000 0.00684 
1.15794 0.75000 0.00655 
1.15912 0.75000 0.00640 
1.16132 0.75000 0.00613 
1.16243 0.75000 0.00599 
1.16449 0.75000 0.00574 
1.16553 0.75000 0.00561 
1.16747 0.75000 0.00537 
1.16845 0.75000 0.00525 
1.17026 0.75000 0.00502 
1.17118 0.75000 0.00491 
1.17289 0.75000 0.00470 
1.17374 0.75000 0.00459 
1.17534 0.75000 0.00440 
1.17615 0.75000 0.00430 
1.17765 0.75000 0.00411 
1.17841 0.75000 0.00402 
1.17981 0.75000 0.00385 
1.18052 0.75000 0.00376 
1.18184 0.75000 0.00360 
1.18251 0.75000 0.00352 
1.18374 0.75000 0.00337 
1.18437 0.75000 0.00329 
1.18553 0.75000 0.00315 
1.18611 0.75000 0.00308 
1.18720 0.75000 0.00294 
1.18775 0.75000 0.00287 
1.18877 0.75000 0.00275 
1.18928 0.75000 0.00269 
1.19024 0.75000 0.00257 
1.19072 0.75000 0.00251 
1.19162 0.75000 0.00240 
1.19207 0.75000 0.00234 
1.19291 0.75000 0.00224 
1.19334 0.75000 0.00219 
1.19413 0.75000 0.00209 
1.19452 0.75000 0.00204 
1.19526 0.75000 0.00195 
1.19564 0.75000 0.00190 
1.19633 0.75000 0.00182 
1.19668 0.75000 0.00177 
1.19733 0.75000 0.00169 
1.19766 0.75000 0.00165 
1.19827 0.75000 0.00157 
1.19858 0.75000 0.00154 
1.19916 0.75000 0.00146 
1.19944 0.75000 0.00143 
1.19998 0.75000 0.00136 
1.20025 0.75000 0.00133 
1.20076 0.75000 0.00126 
1.20101 0.75000 0.00123 
1.20149 0.75000 0.00117 
1.20173 0.75000 0.00114 
1.20217 0.75000 0.00109 
1.20240 0.75000 0.00106 
1.20282 0.75000 0.00101 
1.20303 0.75000 0.00098 
1.20342 0.75000 0.00093 
1.20361 0.75000 0.00090 
1.20398 0.75000 0.00086 
1.20417 0.75000 0.00083 
1.20451 0.75000 0.00079 
1.20469 0.75000 0.00077 
1.20501 0.75000 0.00073 
1.20517 0.75000 0.00071 
1.20548 0.75000 0.00067 
1.20563 0.75000 0.00065 
1.20591 0.75000 0.00061 
1.20606 0.75000 0.00059 
1.20632 0.75000 0.00056 
1.20646 0.75000 0.00054 
1.20671 0.75000 0.00051 
1.20683 0.75000 0.00050 
1.20707 0.75000 0.00047 
1.20719 0.75000 0.00045 
1.20740 0.75000 0.00042 
1.20751 0.75000 0.00041 
1.20772 0.75000 0.00038 
1.20782 0.75000 0.00037 
1.20801 0.75000 0.00035 
1.20811 0.75000 0.00033 
1.20829 0.75000 0.00031 
1.20838 0.75000 0.00030 
1.20854 0.75000 0.00028 
1.20862 0.75000 0.00027 
1.20878 0.75000 0.00025 
1.20886 0.75000 0.00024 
1.20900 0.75000 0.00022 
1.20907 0.75000 0.00021 
1.20920 0.75000 0.00019 
1.20927 0.75000 0.00018 
1.20939 0.75000 0.00017 
1.20945 0.75000 0.00016 
1.20957 0.75000 0.00015 
1.20962 0.75000 0.00014 
1.20973 0.75000 0.00013 
1.20978 0.75000 0.00012 
1.20987 0.75000 0.00011 
1.20992 0.75000 0.00010 
1.21000 0.75000 0.00009 
1.21005 0.75000 0.00008 
1.21013 0.75000 0.00007 
1.21016 0.75000 0.00007 
1.21023 0.75000 0.00006 
1.21027 0.75000 0.00006 
1.21033 0.75000 0.00005 
1.21036 0.75000 0.00004 
1.21041 0.75000 0.00004 
1.21044 0.75000 0.00003 
1.21049 0.75000 0.00003 
1.21051 0.75000 0.00002 
1.21055 0.75000 0.00002 
1.21057 0.75000 0.00002 
1.21060 0.75000 0.00001 
1.21062 0.75000 0.00001 
1.21064 0.75000 0.00001 
1.21065 0.75000 0.00001 
1.21067 0.75000 0.00000 
1.21068 0.75000 0.00000 
1.21069 0.75000 0.00000 
1.21069 0.75000 0.00000 
1.21070 0.75000 0.00000 
1.21070 0.75000 0.00000 

ZONE T="SLICE_Y_1p4_BINS01_KS_1mm_SINGLE_LAYER"
1.39331 1.40000 0.00000 
1.39330 1.40000 -0.00000 
1.39330 1.40000 -0.00000 
1.39330 1.40000 -0.00000 
1.39329 1.40000 -0.00000 
1.39329 1.40000 -0.00000 
1.39327 1.40000 -0.00000 
1.39326 1.40000 -0.00001 
1.39324 1.40000 -0.00001 
1.39323 1.40000 -0.00001 
1.39321 1.40000 -0.00001 
1.39320 1.40000 -0.00001 
1.39316 1.40000 -0.00002 
1.39315 1.40000 -0.00002 
1.39311 1.40000 -0.00002 
1.39310 1.40000 -0.00003 
1.39305 1.40000 -0.00003 
1.39303 1.40000 -0.00003 
1.39298 1.40000 -0.00004 
1.39296 1.40000 -0.00004 
1.39290 1.40000 -0.00005 
1.39288 1.40000 -0.00005 
1.39282 1.40000 -0.00006 
1.39279 1.40000 -0.00007 
1.39272 1.40000 -0.00008 
1.39269 1.40000 -0.00008 
1.39261 1.40000 -0.00009 
1.39258 1.40000 -0.00009 
1.39250 1.40000 -0.00010 
1.39247 1.40000 -0.00011 
1.39237 1.40000 -0.00012 
1.39234 1.40000 -0.00012 
1.39223 1.40000 -0.00014 
1.39219 1.40000 -0.00014 
1.39208 1.40000 -0.00016 
1.39204 1.40000 -0.00016 
1.39192 1.40000 -0.00018 
1.39188 1.40000 -0.00018 
1.39174 1.40000 -0.00020 
1.39170 1.40000 -0.00021 
1.39156 1.40000 -0.00022 
1.39151 1.40000 -0.00023 
1.39136 1.40000 -0.00025 
1.39131 1.40000 -0.00026 
1.39114 1.40000 -0.00028 
1.39109 1.40000 -0.00028 
1.39091 1.40000 -0.00031 
1.39085 1.40000 -0.00031 
1.39066 1.40000 -0.00034 
1.39060 1.40000 -0.00035 
1.39040 1.40000 -0.00037 
1.39033 1.40000 -0.00038 
1.39011 1.40000 -0.00041 
1.39004 1.40000 -0.00042 
1.38981 1.40000 -0.00045 
1.38974 1.40000 -0.00046 
1.38949 1.40000 -0.00049 
1.38941 1.40000 -0.00050 
1.38915 1.40000 -0.00053 
1.38906 1.40000 -0.00054 
1.38878 1.40000 -0.00058 
1.38869 1.40000 -0.00059 
1.38839 1.40000 -0.00063 
1.38829 1.40000 -0.00064 
1.38798 1.40000 -0.00068 
1.38787 1.40000 -0.00069 
1.38753 1.40000 -0.00074 
1.38742 1.40000 -0.00075 
1.38706 1.40000 -0.00080 
1.38694 1.40000 -0.00081 
1.38656 1.40000 -0.00086 
1.38643 1.40000 -0.00088 
1.38602 1.40000 -0.00093 
1.38589 1.40000 -0.00094 
1.38545 1.40000 -0.00100 
1.38531 1.40000 -0.00102 
1.38484 1.40000 -0.00107 
1.38469 1.40000 -0.00109 
1.38419 1.40000 -0.00116 
1.38403 1.40000 -0.00118 
1.38350 1.40000 -0.00124 
1.38333 1.40000 -0.00126 
1.38276 1.40000 -0.00133 
1.38258 1.40000 -0.00136 
1.38197 1.40000 -0.00143 
1.38178 1.40000 -0.00146 
1.38114 1.40000 -0.00154 
1.38093 1.40000 -0.00156 
1.38024 1.40000 -0.00165 
1.38002 1.40000 -0.00167 
1.37929 1.40000 -0.00176 
1.37905 1.40000 -0.00179 
1.37828 1.40000 -0.00189 
1.37802 1.40000 -0.00192 
1.37719 1.40000 -0.00202 
1.37692 1.40000 -0.00205 
1.37604 1.40000 -0.00216 
1.37575 1.40000 -0.00220 
1.37481 1.40000 -0.00231 
1.37450 1.40000 -0.00235 
1.37350 1.40000 -0.00247 
1.37317 1.40000 -0.00251 
1.37210 1.40000 -0.00265 
1.37175 1.40000 -0.00269 
1.37060 1.40000 -0.00283 
1.37023 1.40000 -0.00287 
1.36901 1.40000 -0.00302 
1.36862 1.40000 -0.00307 
1.36731 1.40000 -0.00323 
1.36689 1.40000 -0.00328 
1.36550 1.40000 -0.00346 
1.36505 1.40000 -0.00351 
1.36358 1.40000 -0.00369 
1.36310 1.40000 -0.00375 
1.36152 1.40000 -0.00395 
1.36101 1.40000 -0.00401 
1.35933 1.40000 -0.00422 
1.35878 1.40000 -0.00429 
1.35699 1.40000 -0.00451 
1.35641 1.40000 -0.00458 
1.35450 1.40000 -0.00482 
1.35388 1.40000 -0.00489 
1.35185 1.40000 -0.00514 
1.35120 1.40000 -0.00522 
1.34903 1.40000 -0.00549 
1.34833 1.40000 -0.00557 
1.34603 1.40000 -0.00586 
1.34529 1.40000 -0.00595 
1.34284 1.40000 -0.00624 
1.34205 1.40000 -0.00634 
1.33945 1.40000 -0.00665 
1.33861 1.40000 -0.00675 
1.33584 1.40000 -0.00708 
1.33495 1.40000 -0.00719 
1.33202 1.40000 -0.00754 
1.33107 1.40000 -0.00765 
1.32796 1.40000 -0.00801 
1.32696 1.40000 -0.00813 
1.32366 1.40000 -0.00851 
1.32260 1.40000 -0.00863 
1.31910 1.40000 -0.00903 
1.31798 1.40000 -0.00915 
1.31428 1.40000 -0.00957 
1.31309 1.40000 -0.00970 
1.30919 1.40000 -0.01013 
1.30793 1.40000 -0.01027 
1.30381 1.40000 -0.01072 
1.30249 1.40000 -0.01086 
1.29814 1.40000 -0.01132 
1.29675 1.40000 -0.01147 
1.29217 1.40000 -0.01195 
1.29071 1.40000 -0.01210 
1.28589 1.40000 -0.01259 
1.28436 1.40000 -0.01274 
1.27930 1.40000 -0.01325 
1.27769 1.40000 -0.01341 
1.27240 1.40000 -0.01394 
1.27071 1.40000 -0.01410 
1.26517 1.40000 -0.01464 
1.26341 1.40000 -0.01480 
1.25762 1.40000 -0.01536 
1.25578 1.40000 -0.01553 
1.24975 1.40000 -0.01609 
1.24783 1.40000 -0.01627 
1.24156 1.40000 -0.01684 
1.23957 1.40000 -0.01702 
1.23305 1.40000 -0.01760 
1.23100 1.40000 -0.01779 
1.22424 1.40000 -0.01838 
1.22212 1.40000 -0.01856 
1.21514 1.40000 -0.01917 
1.21294 1.40000 -0.01935 
1.20575 1.40000 -0.01996 
1.20349 1.40000 -0.02014 
1.19609 1.40000 -0.02075 
1.19378 1.40000 -0.02094 
1.18618 1.40000 -0.02154 
1.18382 1.40000 -0.02172 
1.17604 1.40000 -0.02232 
1.17363 1.40000 -0.02250 
1.16569 1.40000 -0.02309 
1.16324 1.40000 -0.02326 
1.15517 1.40000 -0.02383 
1.15267 1.40000 -0.02399 
1.14448 1.40000 -0.02453 
1.14196 1.40000 -0.02469 
1.13367 1.40000 -0.02520 
1.13112 1.40000 -0.02535 
1.12276 1.40000 -0.02582 
1.12020 1.40000 -0.02595 
1.11179 1.40000 -0.02639 
1.10922 1.40000 -0.02650 
1.10078 1.40000 -0.02689 
1.09821 1.40000 -0.02699 
1.08978 1.40000 -0.02732 
1.08722 1.40000 -0.02741 
1.07880 1.40000 -0.02769 
1.07626 1.40000 -0.02776 
1.06789 1.40000 -0.02799 
1.06537 1.40000 -0.02804 
1.05708 1.40000 -0.02821 
1.05459 1.40000 -0.02825 
1.04640 1.40000 -0.02836 
1.04394 1.40000 -0.02838 
1.03587 1.40000 -0.02845 
1.03345 1.40000 -0.02845 
1.02552 1.40000 -0.02847 
1.02316 1.40000 -0.02846 
1.01538 1.40000 -0.02843 
1.01307 1.40000 -0.02841 
1.00547 1.40000 -0.02834 
1.00322 1.40000 -0.02830 
0.99582 1.40000 -0.02819 
0.99363 1.40000 -0.02815 
0.98643 1.40000 -0.02801 
0.98430 1.40000 -0.02796 
0.97732 1.40000 -0.02779 
0.97527 1.40000 -0.02773 
0.96851 1.40000 -0.02753 
0.96653 1.40000 -0.02746 
0.96001 1.40000 -0.02724 
0.95810 1.40000 -0.02717 
0.95182 1.40000 -0.02693 
0.94998 1.40000 -0.02686 
0.94395 1.40000 -0.02660 
0.94218 1.40000 -0.02652 
0.93639 1.40000 -0.02626 
0.93471 1.40000 -0.02617 
0.92917 1.40000 -0.02589 
0.92755 1.40000 -0.02580 
0.92226 1.40000 -0.02551 
0.92072 1.40000 -0.02542 
0.91567 1.40000 -0.02513 
0.91420 1.40000 -0.02503 
0.90939 1.40000 -0.02473 
0.90800 1.40000 -0.02464 
0.90342 1.40000 -0.02433 
0.90210 1.40000 -0.02423 
0.89775 1.40000 -0.02392 
0.89650 1.40000 -0.02382 
0.89237 1.40000 -0.02350 
0.89119 1.40000 -0.02341 
0.88728 1.40000 -0.02309 
0.88616 1.40000 -0.02299 
0.88246 1.40000 -0.02267 
0.88140 1.40000 -0.02257 
0.87791 1.40000 -0.02225 
0.87690 1.40000 -0.02216 
0.87360 1.40000 -0.02184 
0.87266 1.40000 -0.02175 
0.86954 1.40000 -0.02145 
0.86865 1.40000 -0.02137 
0.86570 1.40000 -0.02112 
0.86487 1.40000 -0.02105 
0.86208 1.40000 -0.02084 
0.86131 1.40000 -0.02079 
0.85866 1.40000 -0.02059 
0.85796 1.40000 -0.02055 
0.85544 1.40000 -0.02037 
0.85479 1.40000 -0.02049 
0.85226 1.40000 -0.02102 
0.85172 1.40000 -0.02158 
0.84869 1.40000 -0.02471 
0.84865 1.40000 -0.02472 
0.84785 1.40000 -0.02489 
0.84591 1.40000 -0.02530 
0.84582 1.40000 -0.02531 
0.84339 1.40000 -0.02499 
0.84329 1.40000 -0.02498 
0.84102 1.40000 -0.02469 
0.84091 1.40000 -0.02468 
0.83880 1.40000 -0.02443 
0.83867 1.40000 -0.02441 
0.83670 1.40000 -0.02421 
0.83655 1.40000 -0.02420 
0.83471 1.40000 -0.02405 
0.83454 1.40000 -0.02404 
0.83283 1.40000 -0.02393 
0.83264 1.40000 -0.02391 
0.83105 1.40000 -0.02383 
0.83082 1.40000 -0.02382 
0.82934 1.40000 -0.02375 
0.82907 1.40000 -0.02374 
0.82771 1.40000 -0.02369 
0.82739 1.40000 -0.02367 
0.82614 1.40000 -0.02359 
0.82577 1.40000 -0.02356 
0.82465 1.40000 -0.02343 
0.82422 1.40000 -0.02339 
0.82321 1.40000 -0.02324 
0.82274 1.40000 -0.02318 
0.82184 1.40000 -0.02301 
0.82131 1.40000 -0.02291 
0.82053 1.40000 -0.02270 
0.81997 1.40000 -0.02254 
0.81930 1.40000 -0.02230 
0.81872 1.40000 -0.02209 
0.81814 1.40000 -0.02183 
0.81755 1.40000 -0.02156 
0.81706 1.40000 -0.02129 
0.81648 1.40000 -0.02095 
0.81606 1.40000 -0.02066 
0.81551 1.40000 -0.02027 
0.81515 1.40000 -0.01996 
0.81464 1.40000 -0.01952 
0.81434 1.40000 -0.01920 
0.81387 1.40000 -0.01874 
0.81360 1.40000 -0.01842 
0.81318 1.40000 -0.01794 
0.81294 1.40000 -0.01762 
0.81258 1.40000 -0.01712 
0.81237 1.40000 -0.01678 
0.81207 1.40000 -0.01630 
0.81187 1.40000 -0.01594 
0.81162 1.40000 -0.01550 
0.81143 1.40000 -0.01513 
0.81123 1.40000 -0.01470 
0.81107 1.40000 -0.01431 
0.81091 1.40000 -0.01392 
0.81075 1.40000 -0.01352 
0.81062 1.40000 -0.01318 
0.81047 1.40000 -0.01277 
0.81037 1.40000 -0.01246 
0.81025 1.40000 -0.01203 
0.81016 1.40000 -0.01177 
0.81004 1.40000 -0.01134 
0.80997 1.40000 -0.01112 
0.80985 1.40000 -0.01069 
0.80980 1.40000 -0.01051 
0.80968 1.40000 -0.01008 
0.80964 1.40000 -0.00993 
0.80952 1.40000 -0.00951 
0.80948 1.40000 -0.00939 
0.80937 1.40000 -0.00897 
0.80934 1.40000 -0.00887 
0.80923 1.40000 -0.00845 
0.80921 1.40000 -0.00837 
0.80911 1.40000 -0.00795 
0.80909 1.40000 -0.00789 
0.80899 1.40000 -0.00749 
0.80897 1.40000 -0.00744 
0.80886 1.40000 -0.00706 
0.80885 1.40000 -0.00702 
0.80874 1.40000 -0.00664 
0.80874 1.40000 -0.00661 
0.80863 1.40000 -0.00623 
0.80863 1.40000 -0.00622 
0.80852 1.40000 -0.00585 
0.80852 1.40000 -0.00584 
0.80842 1.40000 -0.00548 
0.80842 1.40000 -0.00548 
0.80832 1.40000 -0.00512 
0.80832 1.40000 -0.00512 
0.80831 1.40000 -0.00509 
0.80821 1.40000 -0.00478 
0.80821 1.40000 -0.00478 
0.80812 1.40000 -0.00444 
0.80812 1.40000 -0.00444 
0.80803 1.40000 -0.00412 
0.80803 1.40000 -0.00411 
0.80794 1.40000 -0.00381 
0.80794 1.40000 -0.00380 
0.80786 1.40000 -0.00350 
0.80785 1.40000 -0.00348 
0.80777 1.40000 -0.00319 
0.80777 1.40000 -0.00317 
0.80769 1.40000 -0.00289 
0.80769 1.40000 -0.00287 
0.80761 1.40000 -0.00260 
0.80761 1.40000 -0.00259 
0.80753 1.40000 -0.00232 
0.80753 1.40000 -0.00231 
0.80745 1.40000 -0.00201 
0.80745 1.40000 -0.00200 
0.80737 1.40000 -0.00170 
0.80737 1.40000 -0.00169 
0.80730 1.40000 -0.00145 
0.80730 1.40000 -0.00145 
0.80721 1.40000 -0.00120 
0.80721 1.40000 -0.00120 
0.80713 1.40000 -0.00087 
0.80712 1.40000 -0.00081 
0.80712 1.40000 -0.00081 
0.80702 1.40000 -0.00041 
0.80702 1.40000 -0.00040 
0.80694 1.40000 -0.00014 
0.80693 1.40000 -0.00013 
0.80689 1.40000 -0.00001 
0.80689 1.40000 -0.00000 
0.80688 1.40000 0.00001 
0.80684 1.40000 0.00014 
0.80684 1.40000 0.00015 
0.80675 1.40000 0.00041 
0.80664 1.40000 0.00079 
0.80663 1.40000 0.00084 
0.80652 1.40000 0.00121 
0.80650 1.40000 0.00127 
0.80640 1.40000 0.00152 
0.80638 1.40000 0.00157 
0.80627 1.40000 0.00180 
0.80625 1.40000 0.00185 
0.80614 1.40000 0.00213 
0.80611 1.40000 0.00221 
0.80602 1.40000 0.00250 
0.80599 1.40000 0.00260 
0.80590 1.40000 0.00286 
0.80586 1.40000 0.00297 
0.80574 1.40000 0.00321 
0.80567 1.40000 0.00334 
0.80555 1.40000 0.00359 
0.80545 1.40000 0.00376 
0.80532 1.40000 0.00401 
0.80521 1.40000 0.00422 
0.80510 1.40000 0.00445 
0.80497 1.40000 0.00469 
0.80488 1.40000 0.00490 
0.80474 1.40000 0.00518 
0.80464 1.40000 0.00537 
0.80446 1.40000 0.00571 
0.80439 1.40000 0.00586 
0.80419 1.40000 0.00627 
0.80414 1.40000 0.00639 
0.80392 1.40000 0.00686 
0.80388 1.40000 0.00695 
0.80364 1.40000 0.00750 
0.80363 1.40000 0.00753 
0.80348 1.40000 0.00787 
0.80337 1.40000 0.00814 
0.80336 1.40000 0.00817 
0.80310 1.40000 0.00879 
0.80307 1.40000 0.00887 
0.80284 1.40000 0.00947 
0.80278 1.40000 0.00962 
0.80258 1.40000 0.01019 
0.80250 1.40000 0.01042 
0.80233 1.40000 0.01094 
0.80222 1.40000 0.01126 
0.80210 1.40000 0.01173 
0.80198 1.40000 0.01214 
0.80187 1.40000 0.01256 
0.80173 1.40000 0.01309 
0.80164 1.40000 0.01344 
0.80150 1.40000 0.01408 
0.80144 1.40000 0.01436 
0.80131 1.40000 0.01512 
0.80127 1.40000 0.01532 
0.80116 1.40000 0.01620 
0.80115 1.40000 0.01631 
0.80106 1.40000 0.01732 
0.80106 1.40000 0.01734 
0.80104 1.40000 0.01756 
0.80095 1.40000 0.01846 
0.80093 1.40000 0.01855 
0.80083 1.40000 0.01967 
0.80083 1.40000 0.01987 
0.80086 1.40000 0.02088 
0.80088 1.40000 0.02116 
0.80099 1.40000 0.02211 
0.80105 1.40000 0.02246 
0.80125 1.40000 0.02335 
0.80134 1.40000 0.02376 
0.80159 1.40000 0.02463 
0.80172 1.40000 0.02509 
0.80200 1.40000 0.02596 
0.80216 1.40000 0.02646 
0.80254 1.40000 0.02730 
0.80274 1.40000 0.02782 
0.80324 1.40000 0.02863 
0.80351 1.40000 0.02909 
0.80416 1.40000 0.02990 
0.80446 1.40000 0.03025 
0.80533 1.40000 0.03105 
0.80560 1.40000 0.03128 
0.80674 1.40000 0.03206 
0.80690 1.40000 0.03216 
0.80817 1.40000 0.03280 
0.80835 1.40000 0.03289 
0.80839 1.40000 0.03289 
0.80999 1.40000 0.03334 
0.81494 1.40000 0.02599 
0.81648 1.40000 0.02378 
0.82097 1.40000 0.01644 
0.82190 1.40000 0.01492 
0.82212 1.40000 0.01486 
0.82315 1.40000 0.01474 
0.82340 1.40000 0.01475 
0.82435 1.40000 0.01477 
0.82462 1.40000 0.01483 
0.82552 1.40000 0.01502 
0.82581 1.40000 0.01509 
0.82675 1.40000 0.01532 
0.82706 1.40000 0.01539 
0.82807 1.40000 0.01562 
0.82839 1.40000 0.01568 
0.82947 1.40000 0.01591 
0.82981 1.40000 0.01597 
0.83096 1.40000 0.01619 
0.83133 1.40000 0.01626 
0.83255 1.40000 0.01648 
0.83295 1.40000 0.01655 
0.83425 1.40000 0.01677 
0.83467 1.40000 0.01684 
0.83606 1.40000 0.01707 
0.83651 1.40000 0.01714 
0.83799 1.40000 0.01737 
0.83847 1.40000 0.01745 
0.84004 1.40000 0.01769 
0.84056 1.40000 0.01777 
0.84224 1.40000 0.01802 
0.84278 1.40000 0.01810 
0.84457 1.40000 0.01836 
0.84515 1.40000 0.01844 
0.84706 1.40000 0.01871 
0.84768 1.40000 0.01880 
0.84971 1.40000 0.01908 
0.85037 1.40000 0.01916 
0.85253 1.40000 0.01945 
0.85323 1.40000 0.01954 
0.85553 1.40000 0.01983 
0.85628 1.40000 0.01992 
0.85872 1.40000 0.02022 
0.85951 1.40000 0.02031 
0.86212 1.40000 0.02061 
0.86296 1.40000 0.02071 
0.86572 1.40000 0.02102 
0.86661 1.40000 0.02111 
0.86954 1.40000 0.02142 
0.87049 1.40000 0.02152 
0.87360 1.40000 0.02184 
0.87461 1.40000 0.02193 
0.87791 1.40000 0.02225 
0.87897 1.40000 0.02235 
0.88246 1.40000 0.02267 
0.88358 1.40000 0.02277 
0.88728 1.40000 0.02309 
0.88847 1.40000 0.02318 
0.89237 1.40000 0.02350 
0.89363 1.40000 0.02360 
0.89775 1.40000 0.02392 
0.89907 1.40000 0.02401 
0.90342 1.40000 0.02433 
0.90481 1.40000 0.02442 
0.90939 1.40000 0.02473 
0.91085 1.40000 0.02482 
0.91567 1.40000 0.02513 
0.91720 1.40000 0.02522 
0.92226 1.40000 0.02551 
0.92387 1.40000 0.02560 
0.92917 1.40000 0.02589 
0.93085 1.40000 0.02598 
0.93639 1.40000 0.02626 
0.93816 1.40000 0.02634 
0.94395 1.40000 0.02660 
0.94578 1.40000 0.02668 
0.95182 1.40000 0.02693 
0.95373 1.40000 0.02701 
0.96001 1.40000 0.02724 
0.96199 1.40000 0.02731 
0.96851 1.40000 0.02753 
0.97057 1.40000 0.02759 
0.97732 1.40000 0.02779 
0.97945 1.40000 0.02784 
0.98643 1.40000 0.02801 
0.98862 1.40000 0.02805 
0.99582 1.40000 0.02819 
0.99807 1.40000 0.02823 
1.00547 1.40000 0.02834 
1.00779 1.40000 0.02836 
1.01538 1.40000 0.02843 
1.01775 1.40000 0.02844 
1.02552 1.40000 0.02847 
1.02793 1.40000 0.02846 
1.03587 1.40000 0.02845 
1.03832 1.40000 0.02843 
1.04640 1.40000 0.02836 
1.04889 1.40000 0.02833 
1.05708 1.40000 0.02821 
1.05960 1.40000 0.02816 
1.06789 1.40000 0.02799 
1.07044 1.40000 0.02792 
1.07880 1.40000 0.02769 
1.08136 1.40000 0.02761 
1.08978 1.40000 0.02732 
1.09234 1.40000 0.02722 
1.10078 1.40000 0.02689 
1.10335 1.40000 0.02677 
1.11179 1.40000 0.02639 
1.11435 1.40000 0.02625 
1.12276 1.40000 0.02582 
1.12530 1.40000 0.02568 
1.13367 1.40000 0.02520 
1.13619 1.40000 0.02505 
1.14448 1.40000 0.02453 
1.14697 1.40000 0.02437 
1.15517 1.40000 0.02383 
1.15762 1.40000 0.02365 
1.16569 1.40000 0.02309 
1.16811 1.40000 0.02291 
1.17604 1.40000 0.02232 
1.17841 1.40000 0.02214 
1.18618 1.40000 0.02154 
1.18849 1.40000 0.02136 
1.19609 1.40000 0.02075 
1.19834 1.40000 0.02057 
1.20575 1.40000 0.01996 
1.20794 1.40000 0.01977 
1.21514 1.40000 0.01917 
1.21726 1.40000 0.01898 
1.22424 1.40000 0.01838 
1.22630 1.40000 0.01820 
1.23305 1.40000 0.01760 
1.23503 1.40000 0.01743 
1.24156 1.40000 0.01684 
1.24347 1.40000 0.01667 
1.24975 1.40000 0.01609 
1.25158 1.40000 0.01592 
1.25762 1.40000 0.01536 
1.25938 1.40000 0.01519 
1.26517 1.40000 0.01464 
1.26685 1.40000 0.01447 
1.27240 1.40000 0.01394 
1.27401 1.40000 0.01378 
1.27930 1.40000 0.01325 
1.28084 1.40000 0.01310 
1.28589 1.40000 0.01259 
1.28736 1.40000 0.01244 
1.29217 1.40000 0.01195 
1.29356 1.40000 0.01180 
1.29814 1.40000 0.01132 
1.29947 1.40000 0.01118 
1.30381 1.40000 0.01072 
1.30507 1.40000 0.01058 
1.30919 1.40000 0.01013 
1.31038 1.40000 0.01000 
1.31428 1.40000 0.00957 
1.31541 1.40000 0.00944 
1.31910 1.40000 0.00903 
1.32017 1.40000 0.00891 
1.32366 1.40000 0.00851 
1.32466 1.40000 0.00839 
1.32796 1.40000 0.00801 
1.32891 1.40000 0.00790 
1.33202 1.40000 0.00754 
1.33291 1.40000 0.00743 
1.33584 1.40000 0.00708 
1.33668 1.40000 0.00698 
1.33945 1.40000 0.00665 
1.34024 1.40000 0.00656 
1.34284 1.40000 0.00624 
1.34358 1.40000 0.00615 
1.34603 1.40000 0.00586 
1.34673 1.40000 0.00577 
1.34903 1.40000 0.00549 
1.34969 1.40000 0.00541 
1.35185 1.40000 0.00514 
1.35247 1.40000 0.00507 
1.35450 1.40000 0.00482 
1.35508 1.40000 0.00474 
1.35699 1.40000 0.00451 
1.35754 1.40000 0.00444 
1.35933 1.40000 0.00422 
1.35984 1.40000 0.00416 
1.36152 1.40000 0.00395 
1.36200 1.40000 0.00389 
1.36358 1.40000 0.00369 
1.36403 1.40000 0.00364 
1.36550 1.40000 0.00346 
1.36593 1.40000 0.00340 
1.36731 1.40000 0.00323 
1.36771 1.40000 0.00318 
1.36901 1.40000 0.00302 
1.36938 1.40000 0.00298 
1.37060 1.40000 0.00283 
1.37095 1.40000 0.00279 
1.37210 1.40000 0.00265 
1.37242 1.40000 0.00261 
1.37350 1.40000 0.00247 
1.37380 1.40000 0.00244 
1.37481 1.40000 0.00231 
1.37510 1.40000 0.00228 
1.37604 1.40000 0.00216 
1.37631 1.40000 0.00213 
1.37719 1.40000 0.00202 
1.37745 1.40000 0.00199 
1.37828 1.40000 0.00189 
1.37851 1.40000 0.00186 
1.37929 1.40000 0.00176 
1.37951 1.40000 0.00174 
1.38024 1.40000 0.00165 
1.38045 1.40000 0.00162 
1.38114 1.40000 0.00154 
1.38133 1.40000 0.00151 
1.38197 1.40000 0.00143 
1.38216 1.40000 0.00141 
1.38276 1.40000 0.00133 
1.38293 1.40000 0.00131 
1.38350 1.40000 0.00124 
1.38366 1.40000 0.00122 
1.38419 1.40000 0.00116 
1.38434 1.40000 0.00114 
1.38484 1.40000 0.00107 
1.38498 1.40000 0.00106 
1.38545 1.40000 0.00100 
1.38558 1.40000 0.00098 
1.38602 1.40000 0.00093 
1.38614 1.40000 0.00091 
1.38656 1.40000 0.00086 
1.38667 1.40000 0.00084 
1.38706 1.40000 0.00080 
1.38717 1.40000 0.00078 
1.38753 1.40000 0.00074 
1.38764 1.40000 0.00072 
1.38798 1.40000 0.00068 
1.38807 1.40000 0.00067 
1.38839 1.40000 0.00063 
1.38848 1.40000 0.00062 
1.38878 1.40000 0.00058 
1.38887 1.40000 0.00057 
1.38915 1.40000 0.00053 
1.38923 1.40000 0.00052 
1.38949 1.40000 0.00049 
1.38957 1.40000 0.00048 
1.38981 1.40000 0.00045 
1.38988 1.40000 0.00044 
1.39011 1.40000 0.00041 
1.39018 1.40000 0.00040 
1.39040 1.40000 0.00037 
1.39046 1.40000 0.00037 
1.39066 1.40000 0.00034 
1.39072 1.40000 0.00033 
1.39091 1.40000 0.00031 
1.39096 1.40000 0.00030 
1.39114 1.40000 0.00028 
1.39119 1.40000 0.00027 
1.39136 1.40000 0.00025 
1.39140 1.40000 0.00024 
1.39156 1.40000 0.00022 
1.39160 1.40000 0.00022 
1.39174 1.40000 0.00020 
1.39178 1.40000 0.00020 
1.39192 1.40000 0.00018 
1.39196 1.40000 0.00017 
1.39208 1.40000 0.00016 
1.39211 1.40000 0.00015 
1.39223 1.40000 0.00014 
1.39226 1.40000 0.00013 
1.39237 1.40000 0.00012 
1.39240 1.40000 0.00012 
1.39250 1.40000 0.00010 
1.39252 1.40000 0.00010 
1.39261 1.40000 0.00009 
1.39264 1.40000 0.00009 
1.39272 1.40000 0.00008 
1.39274 1.40000 0.00007 
1.39282 1.40000 0.00006 
1.39284 1.40000 0.00006 
1.39290 1.40000 0.00005 
1.39292 1.40000 0.00005 
1.39298 1.40000 0.00004 
1.39300 1.40000 0.00004 
1.39305 1.40000 0.00003 
1.39306 1.40000 0.00003 
1.39311 1.40000 0.00002 
1.39312 1.40000 0.00002 
1.39316 1.40000 0.00002 
1.39317 1.40000 0.00002 
1.39321 1.40000 0.00001 
1.39321 1.40000 0.00001 
1.39324 1.40000 0.00001 
1.39325 1.40000 0.00001 
1.39327 1.40000 0.00000 
1.39327 1.40000 0.00000 
1.39329 1.40000 0.00000 
1.39329 1.40000 0.00000 
1.39330 1.40000 0.00000 
1.39330 1.40000 0.00000 
1.39331 1.40000 0.00000 

