VARIABLES = "CoordinateX" "CoordinateY" "CoordinateZ"
ZONE T="SLICE_Y_0p1"
 1.028093222E+00 1.000000000E-01 0.000000000E+00
 1.028086726E+00 1.000000000E-01 -8.349693269E-07
 1.028067216E+00 1.000000000E-01 -3.342606582E-06
 1.028034629E+00 1.000000000E-01 -7.531111594E-06
 1.027988858E+00 1.000000000E-01 -1.341419079E-05
 1.027929752E+00 1.000000000E-01 -2.101111731E-05
 1.027857118E+00 1.000000000E-01 -3.034681536E-05
 1.027770716E+00 1.000000000E-01 -4.145196879E-05
 1.027670261E+00 1.000000000E-01 -5.436315419E-05
 1.027555420E+00 1.000000000E-01 -6.912299845E-05
 1.027425811E+00 1.000000000E-01 -8.578036106E-05
 1.027281000E+00 1.000000000E-01 -1.043905410E-04
 1.027120501E+00 1.000000000E-01 -1.250155084E-04
 1.026943772E+00 1.000000000E-01 -1.477241602E-04
 1.026750213E+00 1.000000000E-01 -1.725926005E-04
 1.026539163E+00 1.000000000E-01 -1.997044435E-04
 1.026309896E+00 1.000000000E-01 -2.291511388E-04
 1.026061620E+00 1.000000000E-01 -2.610323178E-04
 1.025793470E+00 1.000000000E-01 -2.954561579E-04
 1.025504504E+00 1.000000000E-01 -3.325397628E-04
 1.025193701E+00 1.000000000E-01 -3.724095536E-04
 1.024859955E+00 1.000000000E-01 -4.152016664E-04
 1.024502067E+00 1.000000000E-01 -4.610623495E-04
 1.024118742E+00 1.000000000E-01 -5.101483505E-04
 1.023708584E+00 1.000000000E-01 -5.626272827E-04
 1.023270082E+00 1.000000000E-01 -6.186779562E-04
 1.022801613E+00 1.000000000E-01 -6.784906556E-04
 1.022301424E+00 1.000000000E-01 -7.422688365E-04
 1.021767631E+00 1.000000000E-01 -8.102356522E-04
 1.021198206E+00 1.000000000E-01 -8.826320715E-04
 1.020590968E+00 1.000000000E-01 -9.597164411E-04
 1.019943571E+00 1.000000000E-01 -1.041765629E-03
 1.019253496E+00 1.000000000E-01 -1.129076259E-03
 1.018518038E+00 1.000000000E-01 -1.221966042E-03
 1.017734290E+00 1.000000000E-01 -1.320775214E-03
 1.016899134E+00 1.000000000E-01 -1.425868104E-03
 1.016009223E+00 1.000000000E-01 -1.537634832E-03
 1.015060968E+00 1.000000000E-01 -1.656493172E-03
 1.014050521E+00 1.000000000E-01 -1.782890596E-03
 1.012973756E+00 1.000000000E-01 -1.917306532E-03
 1.011826257E+00 1.000000000E-01 -2.060254870E-03
 1.010603290E+00 1.000000000E-01 -2.212286773E-03
 1.009299793E+00 1.000000000E-01 -2.373993837E-03
 1.007910349E+00 1.000000000E-01 -2.546011681E-03
 1.006429166E+00 1.000000000E-01 -2.729024056E-03
 1.004850057E+00 1.000000000E-01 -2.923767577E-03
 1.003166418E+00 1.000000000E-01 -3.131037227E-03
 1.001371202E+00 1.000000000E-01 -3.351692792E-03
 9.994568971E-01 1.000000000E-01 -3.586666439E-03
 9.974155063E-01 1.000000000E-01 -3.836971700E-03
 9.952385213E-01 1.000000000E-01 -4.103714171E-03
 9.929169020E-01 1.000000000E-01 -4.388104312E-03
 9.904410549E-01 1.000000000E-01 -4.691472819E-03
 9.878008136E-01 1.000000000E-01 -5.015289128E-03
 9.849854210E-01 1.000000000E-01 -5.361183749E-03
 9.819835138E-01 1.000000000E-01 -5.730975208E-03
 9.787831112E-01 1.000000000E-01 -6.126502722E-03
 9.753716071E-01 1.000000000E-01 -6.549003376E-03
 9.717357669E-01 1.000000000E-01 -6.999406255E-03
 9.678617316E-01 1.000000000E-01 -7.478676742E-03
 9.637350279E-01 1.000000000E-01 -7.988207527E-03
 9.593405874E-01 1.000000000E-01 -8.529421464E-03
 9.546627754E-01 1.000000000E-01 -9.103588516E-03
 9.496854306E-01 1.000000000E-01 -9.711728176E-03
 9.443919184E-01 1.000000000E-01 -1.035464332E-02
 9.387651973E-01 1.000000000E-01 -1.103309132E-02
 9.327879023E-01 1.000000000E-01 -1.174771458E-02
 9.264424450E-01 1.000000000E-01 -1.249889945E-02
 9.197111329E-01 1.000000000E-01 -1.328690657E-02
 9.125763090E-01 1.000000000E-01 -1.411172651E-02
 9.050205132E-01 1.000000000E-01 -1.497309749E-02
 8.970266650E-01 1.000000000E-01 -1.587075503E-02
 8.885782701E-01 1.000000000E-01 -1.680417577E-02
 8.796596485E-01 1.000000000E-01 -1.777268634E-02
 8.702561853E-01 1.000000000E-01 -1.877563648E-02
 8.603546015E-01 1.000000000E-01 -1.981220881E-02
 8.499432431E-01 1.000000000E-01 -2.088155183E-02
 8.390123845E-01 1.000000000E-01 -2.198275012E-02
 8.275545429E-01 1.000000000E-01 -2.311490956E-02
 8.155647973E-01 1.000000000E-01 -2.427716025E-02
 8.030411060E-01 1.000000000E-01 -2.546837601E-02
 7.899846152E-01 1.000000000E-01 -2.668717950E-02
 7.763999493E-01 1.000000000E-01 -2.793166163E-02
 7.622954745E-01 1.000000000E-01 -2.919938626E-02
 7.476835258E-01 1.000000000E-01 -3.048709486E-02
 7.325805868E-01 1.000000000E-01 -3.179040360E-02
 7.170074126E-01 1.000000000E-01 -3.310361651E-02
 7.009890878E-01 1.000000000E-01 -3.441962381E-02
 6.845550104E-01 1.000000000E-01 -3.572984148E-02
 6.677387952E-01 1.000000000E-01 -3.702416104E-02
 6.505780946E-01 1.000000000E-01 -3.829102786E-02
 6.331143326E-01 1.000000000E-01 -3.951790909E-02
 6.153923550E-01 1.000000000E-01 -4.069165226E-02
 5.974599997E-01 1.000000000E-01 -4.179886278E-02
 5.793675945E-01 1.000000000E-01 -4.282642236E-02
 5.611673931E-01 1.000000000E-01 -4.376245974E-02
 5.429129611E-01 1.000000000E-01 -4.459679386E-02
 5.246585292E-01 1.000000000E-01 -4.532119667E-02
 5.064583277E-01 1.000000000E-01 -4.592981788E-02
 4.883659226E-01 1.000000000E-01 -4.641939778E-02
 4.704335673E-01 1.000000000E-01 -4.678967752E-02
 4.527115896E-01 1.000000000E-01 -4.704322553E-02
 4.352478276E-01 1.000000000E-01 -4.718403001E-02
 4.180871270E-01 1.000000000E-01 -4.721828453E-02
 4.012709119E-01 1.000000000E-01 -4.715391241E-02
 3.848368344E-01 1.000000000E-01 -4.699953669E-02
 3.688185097E-01 1.000000000E-01 -4.676412001E-02
 3.532453355E-01 1.000000000E-01 -4.645671583E-02
 3.381423964E-01 1.000000000E-01 -4.608621595E-02
 3.235304478E-01 1.000000000E-01 -4.566082000E-02
 3.094259730E-01 1.000000000E-01 -4.518796254E-02
 2.958413070E-01 1.000000000E-01 -4.467424290E-02
 2.827848162E-01 1.000000000E-01 -4.412566689E-02
 2.702611250E-01 1.000000000E-01 -4.354725400E-02
 2.582713794E-01 1.000000000E-01 -4.294360916E-02
 2.468135377E-01 1.000000000E-01 -4.231844734E-02
 2.358826791E-01 1.000000000E-01 -4.167532271E-02
 2.254713207E-01 1.000000000E-01 -4.101728401E-02
 2.155697370E-01 1.000000000E-01 -4.034721923E-02
 2.061662738E-01 1.000000000E-01 -3.966797106E-02
 1.972476521E-01 1.000000000E-01 -3.898186656E-02
 1.887992572E-01 1.000000000E-01 -3.829143809E-02
 1.808054090E-01 1.000000000E-01 -3.759919307E-02
 1.732496132E-01 1.000000000E-01 -3.690736925E-02
 1.661147894E-01 1.000000000E-01 -3.621831188E-02
 1.593834773E-01 1.000000000E-01 -3.553420853E-02
 1.530380199E-01 1.000000000E-01 -3.485699963E-02
 1.470607249E-01 1.000000000E-01 -3.418863196E-02
 1.414340039E-01 1.000000000E-01 -3.353095960E-02
 1.361404917E-01 1.000000000E-01 -3.288569843E-02
 1.311631469E-01 1.000000000E-01 -3.225440054E-02
 1.264853348E-01 1.000000000E-01 -3.163813322E-02
 1.220908943E-01 1.000000000E-01 -3.103768855E-02
 1.179641907E-01 1.000000000E-01 -3.045391936E-02
 1.140901553E-01 1.000000000E-01 -2.988832466E-02
 1.104543152E-01 1.000000000E-01 -2.934235594E-02
 1.070428110E-01 1.000000000E-01 -2.881649554E-02
 1.038424085E-01 1.000000000E-01 -2.830818614E-02
 1.008405013E-01 1.000000000E-01 -2.781473479E-02
 9.802510863E-02 1.000000000E-01 -2.733329154E-02
 9.538486737E-02 1.000000000E-01 -2.685723352E-02
 9.290902031E-02 1.000000000E-01 -2.638115516E-02
 9.058740099E-02 1.000000000E-01 -2.590134204E-02
 8.841041598E-02 1.000000000E-01 -2.541355143E-02
 8.636902515E-02 1.000000000E-01 -2.491524861E-02
 8.445472048E-02 1.000000000E-01 -2.440534314E-02
 8.265950397E-02 1.000000000E-01 -2.388278008E-02
 8.097586482E-02 1.000000000E-01 -2.334767270E-02
 7.939675646E-02 1.000000000E-01 -2.280090012E-02
 7.791557351E-02 1.000000000E-01 -2.224298912E-02
 7.652612901E-02 1.000000000E-01 -2.167515152E-02
 7.522263196E-02 1.000000000E-01 -2.109902832E-02
 7.399966555E-02 1.000000000E-01 -2.051577821E-02
 7.285216590E-02 1.000000000E-01 -1.992695497E-02
 7.177540165E-02 1.000000000E-01 -1.933441377E-02
 7.076495428E-02 1.000000000E-01 -1.873968191E-02
 6.981669933E-02 1.000000000E-01 -1.814447606E-02
 6.892678844E-02 1.000000000E-01 -1.755046024E-02
 6.809163230E-02 1.000000000E-01 -1.695817635E-02
 6.730788450E-02 1.000000000E-01 -1.636832587E-02
 6.657242618E-02 1.000000000E-01 -1.578196179E-02
 6.588235163E-02 1.000000000E-01 -1.519988716E-02
 6.523495470E-02 1.000000000E-01 -1.462311101E-02
 6.462771597E-02 1.000000000E-01 -1.405266519E-02
 6.405829077E-02 1.000000000E-01 -1.348853742E-02
 6.352449795E-02 1.000000000E-01 -1.293092439E-02
 6.302430934E-02 1.000000000E-01 -1.238026629E-02
 6.255583992E-02 1.000000000E-01 -1.183620767E-02
 6.211733865E-02 1.000000000E-01 -1.129882762E-02
 6.170717992E-02 1.000000000E-01 -1.076843041E-02
 6.132385561E-02 1.000000000E-01 -1.024463617E-02
 6.096596769E-02 1.000000000E-01 -9.727707525E-03
 6.063222135E-02 1.000000000E-01 -9.217761596E-03
 6.032141866E-02 1.000000000E-01 -8.714258776E-03
 6.003245270E-02 1.000000000E-01 -8.217528760E-03
 5.976430208E-02 1.000000000E-01 -7.726442814E-03
 5.951602598E-02 1.000000000E-01 -7.239635665E-03
 5.928675950E-02 1.000000000E-01 -6.757533530E-03
 5.907570945E-02 1.000000000E-01 -6.281494854E-03
 5.888215047E-02 1.000000000E-01 -5.813680598E-03
 5.870542147E-02 1.000000000E-01 -5.350020599E-03
 5.854492240E-02 1.000000000E-01 -4.884360601E-03
 5.840011137E-02 1.000000000E-01 -4.420901154E-03
 5.827050198E-02 1.000000000E-01 -3.974931357E-03
 5.815566097E-02 1.000000000E-01 -3.545324098E-03
 5.805520610E-02 1.000000000E-01 -3.084518561E-03
 5.796880436E-02 1.000000000E-01 -2.594910437E-03
 5.789617028E-02 1.000000000E-01 -2.186026488E-03
 5.783706462E-02 1.000000000E-01 -1.825911312E-03
 5.779129318E-02 1.000000000E-01 -1.250510325E-03
 5.775870589E-02 1.000000000E-01 -5.968834075E-04
 5.773919604E-02 1.000000000E-01 -1.515039687E-04
 5.773269984E-02 1.000000000E-01 0.000000000E+00
 5.773919604E-02 1.000000000E-01 1.515039687E-04
 5.775870589E-02 1.000000000E-01 5.968834075E-04
 5.779129318E-02 1.000000000E-01 1.250510325E-03
 5.783706462E-02 1.000000000E-01 1.825911312E-03
 5.789617028E-02 1.000000000E-01 2.186026488E-03
 5.796880436E-02 1.000000000E-01 2.594910437E-03
 5.805520610E-02 1.000000000E-01 3.084518561E-03
 5.815566097E-02 1.000000000E-01 3.545324098E-03
 5.827050198E-02 1.000000000E-01 3.974931357E-03
 5.840011137E-02 1.000000000E-01 4.420901154E-03
 5.854492240E-02 1.000000000E-01 4.884360601E-03
 5.870542147E-02 1.000000000E-01 5.350020599E-03
 5.888215047E-02 1.000000000E-01 5.813680598E-03
 5.907570945E-02 1.000000000E-01 6.281494854E-03
 5.928675950E-02 1.000000000E-01 6.757533530E-03
 5.951602598E-02 1.000000000E-01 7.239635665E-03
 5.976430208E-02 1.000000000E-01 7.726442814E-03
 6.003245270E-02 1.000000000E-01 8.217528760E-03
 6.032141866E-02 1.000000000E-01 8.714258776E-03
 6.063222135E-02 1.000000000E-01 9.217761596E-03
 6.096596769E-02 1.000000000E-01 9.727707525E-03
 6.132385561E-02 1.000000000E-01 1.024463617E-02
 6.170717992E-02 1.000000000E-01 1.076843041E-02
 6.211733865E-02 1.000000000E-01 1.129882762E-02
 6.255583992E-02 1.000000000E-01 1.183620767E-02
 6.302430934E-02 1.000000000E-01 1.238026629E-02
 6.352449795E-02 1.000000000E-01 1.293092439E-02
 6.405829077E-02 1.000000000E-01 1.348853742E-02
 6.462771597E-02 1.000000000E-01 1.405266519E-02
 6.523495470E-02 1.000000000E-01 1.462311101E-02
 6.588235163E-02 1.000000000E-01 1.519988716E-02
 6.657242618E-02 1.000000000E-01 1.578196179E-02
 6.730788450E-02 1.000000000E-01 1.636832587E-02
 6.809163230E-02 1.000000000E-01 1.695817635E-02
 6.892678844E-02 1.000000000E-01 1.755046024E-02
 6.981669933E-02 1.000000000E-01 1.814447606E-02
 7.076495428E-02 1.000000000E-01 1.873968191E-02
 7.177540165E-02 1.000000000E-01 1.933441377E-02
 7.285216590E-02 1.000000000E-01 1.992695497E-02
 7.399966555E-02 1.000000000E-01 2.051577821E-02
 7.522263196E-02 1.000000000E-01 2.109902832E-02
 7.652612901E-02 1.000000000E-01 2.167515152E-02
 7.791557351E-02 1.000000000E-01 2.224298912E-02
 7.939675646E-02 1.000000000E-01 2.280090012E-02
 8.097586482E-02 1.000000000E-01 2.334767270E-02
 8.265950397E-02 1.000000000E-01 2.388278008E-02
 8.445472048E-02 1.000000000E-01 2.440534314E-02
 8.636902515E-02 1.000000000E-01 2.491524861E-02
 8.841041598E-02 1.000000000E-01 2.541355143E-02
 9.058740099E-02 1.000000000E-01 2.590134204E-02
 9.290902031E-02 1.000000000E-01 2.638115516E-02
 9.538486737E-02 1.000000000E-01 2.685723352E-02
 9.802510863E-02 1.000000000E-01 2.733329154E-02
 1.008405013E-01 1.000000000E-01 2.781473479E-02
 1.038424085E-01 1.000000000E-01 2.830818614E-02
 1.070428110E-01 1.000000000E-01 2.881649554E-02
 1.104543152E-01 1.000000000E-01 2.934235594E-02
 1.140901553E-01 1.000000000E-01 2.988832466E-02
 1.179641907E-01 1.000000000E-01 3.045391936E-02
 1.220908943E-01 1.000000000E-01 3.103768855E-02
 1.264853348E-01 1.000000000E-01 3.163813322E-02
 1.311631469E-01 1.000000000E-01 3.225440054E-02
 1.361404917E-01 1.000000000E-01 3.288569843E-02
 1.414340039E-01 1.000000000E-01 3.353095960E-02
 1.470607249E-01 1.000000000E-01 3.418863196E-02
 1.530380199E-01 1.000000000E-01 3.485699963E-02
 1.593834773E-01 1.000000000E-01 3.553420853E-02
 1.661147894E-01 1.000000000E-01 3.621831188E-02
 1.732496132E-01 1.000000000E-01 3.690736925E-02
 1.808054090E-01 1.000000000E-01 3.759919307E-02
 1.887992572E-01 1.000000000E-01 3.829143809E-02
 1.972476521E-01 1.000000000E-01 3.898186656E-02
 2.061662738E-01 1.000000000E-01 3.966797106E-02
 2.155697370E-01 1.000000000E-01 4.034721923E-02
 2.254713207E-01 1.000000000E-01 4.101728401E-02
 2.358826791E-01 1.000000000E-01 4.167532271E-02
 2.468135377E-01 1.000000000E-01 4.231844734E-02
 2.582713794E-01 1.000000000E-01 4.294360916E-02
 2.702611250E-01 1.000000000E-01 4.354725400E-02
 2.827848162E-01 1.000000000E-01 4.412566689E-02
 2.958413070E-01 1.000000000E-01 4.467424290E-02
 3.094259730E-01 1.000000000E-01 4.518796254E-02
 3.235304478E-01 1.000000000E-01 4.566082000E-02
 3.381423964E-01 1.000000000E-01 4.608621595E-02
 3.532453355E-01 1.000000000E-01 4.645671583E-02
 3.688185097E-01 1.000000000E-01 4.676412001E-02
 3.848368344E-01 1.000000000E-01 4.699953669E-02
 4.012709119E-01 1.000000000E-01 4.715391241E-02
 4.180871270E-01 1.000000000E-01 4.721828453E-02
 4.352478276E-01 1.000000000E-01 4.718403001E-02
 4.527115896E-01 1.000000000E-01 4.704322553E-02
 4.704335673E-01 1.000000000E-01 4.678967752E-02
 4.883659226E-01 1.000000000E-01 4.641939778E-02
 5.064583277E-01 1.000000000E-01 4.592981788E-02
 5.246585292E-01 1.000000000E-01 4.532119667E-02
 5.429129611E-01 1.000000000E-01 4.459679386E-02
 5.611673931E-01 1.000000000E-01 4.376245974E-02
 5.793675945E-01 1.000000000E-01 4.282642236E-02
 5.974599997E-01 1.000000000E-01 4.179886278E-02
 6.153923550E-01 1.000000000E-01 4.069165226E-02
 6.331143326E-01 1.000000000E-01 3.951790909E-02
 6.505780946E-01 1.000000000E-01 3.829102786E-02
 6.677387952E-01 1.000000000E-01 3.702416104E-02
 6.845550104E-01 1.000000000E-01 3.572984148E-02
 7.009890878E-01 1.000000000E-01 3.441962381E-02
 7.170074126E-01 1.000000000E-01 3.310361651E-02
 7.325805868E-01 1.000000000E-01 3.179040360E-02
 7.476835258E-01 1.000000000E-01 3.048709486E-02
 7.622954745E-01 1.000000000E-01 2.919938626E-02
 7.763999493E-01 1.000000000E-01 2.793166163E-02
 7.899846152E-01 1.000000000E-01 2.668717950E-02
 8.030411060E-01 1.000000000E-01 2.546837601E-02
 8.155647973E-01 1.000000000E-01 2.427716025E-02
 8.275545429E-01 1.000000000E-01 2.311490956E-02
 8.390123845E-01 1.000000000E-01 2.198275012E-02
 8.499432431E-01 1.000000000E-01 2.088155183E-02
 8.603546015E-01 1.000000000E-01 1.981220881E-02
 8.702561853E-01 1.000000000E-01 1.877563648E-02
 8.796596485E-01 1.000000000E-01 1.777268634E-02
 8.885782701E-01 1.000000000E-01 1.680417577E-02
 8.970266650E-01 1.000000000E-01 1.587075503E-02
 9.050205132E-01 1.000000000E-01 1.497309749E-02
 9.125763090E-01 1.000000000E-01 1.411172651E-02
 9.197111329E-01 1.000000000E-01 1.328690657E-02
 9.264424450E-01 1.000000000E-01 1.249889945E-02
 9.327879023E-01 1.000000000E-01 1.174771458E-02
 9.387651973E-01 1.000000000E-01 1.103309132E-02
 9.443919184E-01 1.000000000E-01 1.035464332E-02
 9.496854306E-01 1.000000000E-01 9.711728176E-03
 9.546627754E-01 1.000000000E-01 9.103588516E-03
 9.593405874E-01 1.000000000E-01 8.529421464E-03
 9.637350279E-01 1.000000000E-01 7.988207527E-03
 9.678617316E-01 1.000000000E-01 7.478676742E-03
 9.717357669E-01 1.000000000E-01 6.999406255E-03
 9.753716071E-01 1.000000000E-01 6.549003376E-03
 9.787831112E-01 1.000000000E-01 6.126502722E-03
 9.819835138E-01 1.000000000E-01 5.730975208E-03
 9.849854210E-01 1.000000000E-01 5.361183749E-03
 9.878008136E-01 1.000000000E-01 5.015289128E-03
 9.904410549E-01 1.000000000E-01 4.691472819E-03
 9.929169020E-01 1.000000000E-01 4.388104312E-03
 9.952385213E-01 1.000000000E-01 4.103714171E-03
 9.974155063E-01 1.000000000E-01 3.836971700E-03
 9.994568971E-01 1.000000000E-01 3.586666439E-03
 1.001371202E+00 1.000000000E-01 3.351692792E-03
 1.003166418E+00 1.000000000E-01 3.131037227E-03
 1.004850057E+00 1.000000000E-01 2.923767577E-03
 1.006429166E+00 1.000000000E-01 2.729024056E-03
 1.007910349E+00 1.000000000E-01 2.546011681E-03
 1.009299793E+00 1.000000000E-01 2.373993837E-03
 1.010603290E+00 1.000000000E-01 2.212286773E-03
 1.011826257E+00 1.000000000E-01 2.060254870E-03
 1.012973756E+00 1.000000000E-01 1.917306532E-03
 1.014050521E+00 1.000000000E-01 1.782890596E-03
 1.015060968E+00 1.000000000E-01 1.656493172E-03
 1.016009223E+00 1.000000000E-01 1.537634832E-03
 1.016899134E+00 1.000000000E-01 1.425868104E-03
 1.017734290E+00 1.000000000E-01 1.320775214E-03
 1.018518038E+00 1.000000000E-01 1.221966042E-03
 1.019253496E+00 1.000000000E-01 1.129076259E-03
 1.019943571E+00 1.000000000E-01 1.041765629E-03
 1.020590968E+00 1.000000000E-01 9.597164411E-04
 1.021198206E+00 1.000000000E-01 8.826320715E-04
 1.021767631E+00 1.000000000E-01 8.102356522E-04
 1.022301424E+00 1.000000000E-01 7.422688365E-04
 1.022801613E+00 1.000000000E-01 6.784906556E-04
 1.023270082E+00 1.000000000E-01 6.186779562E-04
 1.023708584E+00 1.000000000E-01 5.626272827E-04
 1.024118742E+00 1.000000000E-01 5.101483505E-04
 1.024502067E+00 1.000000000E-01 4.610623495E-04
 1.024859955E+00 1.000000000E-01 4.152016664E-04
 1.025193701E+00 1.000000000E-01 3.724095536E-04
 1.025504504E+00 1.000000000E-01 3.325397628E-04
 1.025793470E+00 1.000000000E-01 2.954561579E-04
 1.026061620E+00 1.000000000E-01 2.610323178E-04
 1.026309896E+00 1.000000000E-01 2.291511388E-04
 1.026539163E+00 1.000000000E-01 1.997044435E-04
 1.026750213E+00 1.000000000E-01 1.725926005E-04
 1.026943772E+00 1.000000000E-01 1.477241602E-04
 1.027120501E+00 1.000000000E-01 1.250155084E-04
 1.027281000E+00 1.000000000E-01 1.043905410E-04
 1.027425811E+00 1.000000000E-01 8.578036106E-05
 1.027555420E+00 1.000000000E-01 6.912299845E-05
 1.027670261E+00 1.000000000E-01 5.436315419E-05
 1.027770716E+00 1.000000000E-01 4.145196879E-05
 1.027857118E+00 1.000000000E-01 3.034681536E-05
 1.027929752E+00 1.000000000E-01 2.101111731E-05
 1.027988858E+00 1.000000000E-01 1.341419079E-05
 1.028034629E+00 1.000000000E-01 7.531111594E-06
 1.028067216E+00 1.000000000E-01 3.342606582E-06
 1.028086726E+00 1.000000000E-01 8.349693269E-07
 1.028093222E+00 1.000000000E-01 0.000000000E+00

ZONE T="SLICE_Y_0p75"
 1.210699168E+00 7.500000000E-01 0.000000000E+00
 1.210693962E+00 7.500000000E-01 -6.691934626E-07
 1.210678325E+00 7.500000000E-01 -2.678961251E-06
 1.210652208E+00 7.500000000E-01 -6.035875190E-06
 1.210615524E+00 7.500000000E-01 -1.075092041E-05
 1.210568153E+00 7.500000000E-01 -1.683954355E-05
 1.210509940E+00 7.500000000E-01 -2.432172033E-05
 1.210440693E+00 7.500000000E-01 -3.322204258E-05
 1.210360182E+00 7.500000000E-01 -4.356982493E-05
 1.210268142E+00 7.500000000E-01 -5.539923107E-05
 1.210164265E+00 7.500000000E-01 -6.874941988E-05
 1.210048205E+00 7.500000000E-01 -8.366471122E-05
 1.209919572E+00 7.500000000E-01 -1.001947715E-04
 1.209777931E+00 7.500000000E-01 -1.183948189E-04
 1.209622801E+00 7.500000000E-01 -1.383258477E-04
 1.209453653E+00 7.500000000E-01 -1.600548711E-04
 1.209269906E+00 7.500000000E-01 -1.836551824E-04
 1.209070923E+00 7.500000000E-01 -2.092066319E-04
 1.208856011E+00 7.500000000E-01 -2.367959193E-04
 1.208624417E+00 7.500000000E-01 -2.665168985E-04
 1.208375321E+00 7.500000000E-01 -2.984708906E-04
 1.208107837E+00 7.500000000E-01 -3.327670033E-04
 1.207821005E+00 7.500000000E-01 -3.695224485E-04
 1.207513786E+00 7.500000000E-01 -4.088628529E-04
 1.207185061E+00 7.500000000E-01 -4.509225517E-04
 1.206833620E+00 7.500000000E-01 -4.958448537E-04
 1.206458161E+00 7.500000000E-01 -5.437822643E-04
 1.206057281E+00 7.500000000E-01 -5.948978446E-04
 1.205629468E+00 7.500000000E-01 -6.493704429E-04
 1.205173097E+00 7.500000000E-01 -7.073931857E-04
 1.204686420E+00 7.500000000E-01 -7.691731273E-04
 1.204167559E+00 7.500000000E-01 -8.349321660E-04
 1.203614492E+00 7.500000000E-01 -9.049080335E-04
 1.203025053E+00 7.500000000E-01 -9.793553613E-04
 1.202396911E+00 7.500000000E-01 -1.058546836E-03
 1.201727568E+00 7.500000000E-01 -1.142774450E-03
 1.201014341E+00 7.500000000E-01 -1.232350871E-03
 1.200254354E+00 7.500000000E-01 -1.327610926E-03
 1.199444522E+00 7.500000000E-01 -1.428913246E-03
 1.198581540E+00 7.500000000E-01 -1.536642072E-03
 1.197661866E+00 7.500000000E-01 -1.651209267E-03
 1.196681709E+00 7.500000000E-01 -1.773056564E-03
 1.195637010E+00 7.500000000E-01 -1.902658104E-03
 1.194523428E+00 7.500000000E-01 -2.040523308E-03
 1.193336321E+00 7.500000000E-01 -2.187200175E-03
 1.192070730E+00 7.500000000E-01 -2.343279071E-03
 1.190721363E+00 7.500000000E-01 -2.509397143E-03
 1.189282571E+00 7.500000000E-01 -2.686243474E-03
 1.187748335E+00 7.500000000E-01 -2.874565156E-03
 1.186112244E+00 7.500000000E-01 -3.075174495E-03
 1.184367481E+00 7.500000000E-01 -3.288957579E-03
 1.182506799E+00 7.500000000E-01 -3.516884542E-03
 1.180522509E+00 7.500000000E-01 -3.760021882E-03
 1.178406465E+00 7.500000000E-01 -4.019547293E-03
 1.176150044E+00 7.500000000E-01 -4.296767559E-03
 1.173744139E+00 7.500000000E-01 -4.593140155E-03
 1.171179149E+00 7.500000000E-01 -4.910139137E-03
 1.168444969E+00 7.500000000E-01 -5.248755978E-03
 1.165530993E+00 7.500000000E-01 -5.609735300E-03
 1.162426114E+00 7.500000000E-01 -5.993850820E-03
 1.159118731E+00 7.500000000E-01 -6.402218720E-03
 1.155596768E+00 7.500000000E-01 -6.835979359E-03
 1.151847695E+00 7.500000000E-01 -7.296150559E-03
 1.147858558E+00 7.500000000E-01 -7.783549403E-03
 1.143616027E+00 7.500000000E-01 -8.298819364E-03
 1.139106442E+00 7.500000000E-01 -8.842567441E-03
 1.134315887E+00 7.500000000E-01 -9.415308495E-03
 1.129230264E+00 7.500000000E-01 -1.001735218E-02
 1.123835395E+00 7.500000000E-01 -1.064890737E-02
 1.118117129E+00 7.500000000E-01 -1.130996651E-02
 1.112061470E+00 7.500000000E-01 -1.200031981E-02
 1.105654731E+00 7.500000000E-01 -1.271975529E-02
 1.098883691E+00 7.500000000E-01 -1.346785350E-02
 1.091735783E+00 7.500000000E-01 -1.424407476E-02
 1.084199296E+00 7.500000000E-01 -1.504789791E-02
 1.076263585E+00 7.500000000E-01 -1.587866786E-02
 1.067919311E+00 7.500000000E-01 -1.673570217E-02
 1.059158679E+00 7.500000000E-01 -1.761826716E-02
 1.049975691E+00 7.500000000E-01 -1.852564623E-02
 1.040366405E+00 7.500000000E-01 -1.945714220E-02
 1.030329183E+00 7.500000000E-01 -2.041185248E-02
 1.019864944E+00 7.500000000E-01 -2.138867319E-02
 1.008977395E+00 7.500000000E-01 -2.238607426E-02
 9.976732407E-01 7.500000000E-01 -2.340210325E-02
 9.859623667E-01 7.500000000E-01 -2.443414855E-02
 9.738579842E-01 7.500000000E-01 -2.547869673E-02
 9.613767277E-01 7.500000000E-01 -2.653118270E-02
 9.485387014E-01 7.500000000E-01 -2.758590824E-02
 9.353674664E-01 7.500000000E-01 -2.863599364E-02
 9.218899639E-01 7.500000000E-01 -2.967333737E-02
 9.081363704E-01 7.500000000E-01 -3.068867885E-02
 8.941398858E-01 7.500000000E-01 -3.167197353E-02
 8.799364520E-01 7.500000000E-01 -3.261268025E-02
 8.655644091E-01 7.500000000E-01 -3.350006380E-02
 8.510640929E-01 7.500000000E-01 -3.432361039E-02
 8.364773825E-01 7.500000000E-01 -3.507380574E-02
 8.218472085E-01 7.500000000E-01 -3.574249010E-02
 8.072170345E-01 7.500000000E-01 -3.632306906E-02
 7.926303240E-01 7.500000000E-01 -3.681085385E-02
 7.781300078E-01 7.500000000E-01 -3.720323194E-02
 7.637579650E-01 7.500000000E-01 -3.749999588E-02
 7.495545311E-01 7.500000000E-01 -3.770320414E-02
 7.355580465E-01 7.500000000E-01 -3.781605312E-02
 7.218044531E-01 7.500000000E-01 -3.784350671E-02
 7.083269505E-01 7.500000000E-01 -3.779191511E-02
 6.951557155E-01 7.500000000E-01 -3.766818934E-02
 6.823176892E-01 7.500000000E-01 -3.747951258E-02
 6.698364327E-01 7.500000000E-01 -3.723314082E-02
 6.577320502E-01 7.500000000E-01 -3.693620045E-02
 6.460211763E-01 7.500000000E-01 -3.659526315E-02
 6.347170217E-01 7.500000000E-01 -3.621628741E-02
 6.238294725E-01 7.500000000E-01 -3.580456232E-02
 6.133652339E-01 7.500000000E-01 -3.536490127E-02
 6.033280121E-01 7.500000000E-01 -3.490132721E-02
 5.937187257E-01 7.500000000E-01 -3.441753078E-02
 5.845357384E-01 7.500000000E-01 -3.391648938E-02
 5.757751063E-01 7.500000000E-01 -3.340105153E-02
 5.674308321E-01 7.500000000E-01 -3.287366066E-02
 5.594951213E-01 7.500000000E-01 -3.233663138E-02
 5.519586336E-01 7.500000000E-01 -3.179224200E-02
 5.448107263E-01 7.500000000E-01 -3.124235756E-02
 5.380396864E-01 7.500000000E-01 -3.068900763E-02
 5.316329469E-01 7.500000000E-01 -3.013420181E-02
 5.255772883E-01 7.500000000E-01 -2.957973357E-02
 5.198590214E-01 7.500000000E-01 -2.902748251E-02
 5.144641525E-01 7.500000000E-01 -2.847920191E-02
 5.093785303E-01 7.500000000E-01 -2.793644691E-02
 5.045879750E-01 7.500000000E-01 -2.740077781E-02
 5.000783902E-01 7.500000000E-01 -2.687368055E-02
 4.958358586E-01 7.500000000E-01 -2.635653035E-02
 4.918467222E-01 7.500000000E-01 -2.585057113E-02
 4.880976488E-01 7.500000000E-01 -2.535665831E-02
 4.845756861E-01 7.500000000E-01 -2.487542668E-02
 4.812683034E-01 7.500000000E-01 -2.440755976E-02
 4.781634239E-01 7.500000000E-01 -2.395425895E-02
 4.752494480E-01 7.500000000E-01 -2.351668755E-02
 4.725152682E-01 7.500000000E-01 -2.309523214E-02
 4.699502777E-01 7.500000000E-01 -2.268784313E-02
 4.675443729E-01 7.500000000E-01 -2.229236223E-02
 4.652879519E-01 7.500000000E-01 -2.190650533E-02
 4.631719074E-01 7.500000000E-01 -2.152496447E-02
 4.611876182E-01 7.500000000E-01 -2.114340731E-02
 4.593269361E-01 7.500000000E-01 -2.075885689E-02
 4.575821724E-01 7.500000000E-01 -2.036791284E-02
 4.559460819E-01 7.500000000E-01 -1.996854370E-02
 4.544118457E-01 7.500000000E-01 -1.955987550E-02
 4.529730537E-01 7.500000000E-01 -1.914106277E-02
 4.516236864E-01 7.500000000E-01 -1.871219629E-02
 4.503580962E-01 7.500000000E-01 -1.827398062E-02
 4.491709892E-01 7.500000000E-01 -1.782683798E-02
 4.480574068E-01 7.500000000E-01 -1.737173957E-02
 4.470127077E-01 7.500000000E-01 -1.691000060E-02
 4.460325506E-01 7.500000000E-01 -1.644254970E-02
 4.451128770E-01 7.500000000E-01 -1.597063217E-02
 4.442498948E-01 7.500000000E-01 -1.549573485E-02
 4.434400630E-01 7.500000000E-01 -1.501908180E-02
 4.426800758E-01 7.500000000E-01 -1.454204887E-02
 4.419668489E-01 7.500000000E-01 -1.406596971E-02
 4.412975057E-01 7.500000000E-01 -1.359127861E-02
 4.406693642E-01 7.500000000E-01 -1.311853778E-02
 4.400799247E-01 7.500000000E-01 -1.264859117E-02
 4.395268584E-01 7.500000000E-01 -1.218208238E-02
 4.390079965E-01 7.500000000E-01 -1.171982009E-02
 4.385213197E-01 7.500000000E-01 -1.126263130E-02
 4.380649489E-01 7.500000000E-01 -1.081050617E-02
 4.376371360E-01 7.500000000E-01 -1.036360234E-02
 4.372362554E-01 7.500000000E-01 -9.922272587E-03
 4.368607965E-01 7.500000000E-01 -9.486232054E-03
 4.365093559E-01 7.500000000E-01 -9.055544121E-03
 4.361806306E-01 7.500000000E-01 -8.630452642E-03
 4.358734120E-01 7.500000000E-01 -8.210653174E-03
 4.355865795E-01 7.500000000E-01 -7.796356192E-03
 4.353190956E-01 7.500000000E-01 -7.387655572E-03
 4.350700001E-01 7.500000000E-01 -6.984118837E-03
 4.348384058E-01 7.500000000E-01 -6.586010226E-03
 4.346234941E-01 7.500000000E-01 -6.192425104E-03
 4.344245111E-01 7.500000000E-01 -5.802269260E-03
 4.342407635E-01 7.500000000E-01 -5.415884292E-03
 4.340716156E-01 7.500000000E-01 -5.034358935E-03
 4.339164860E-01 7.500000000E-01 -4.659425112E-03
 4.337748450E-01 7.500000000E-01 -4.287820755E-03
 4.336462116E-01 7.500000000E-01 -3.914613481E-03
 4.335301516E-01 7.500000000E-01 -3.543169858E-03
 4.334262750E-01 7.500000000E-01 -3.185743467E-03
 4.333342347E-01 7.500000000E-01 -2.841430976E-03
 4.332537242E-01 7.500000000E-01 -2.472114352E-03
 4.331844768E-01 7.500000000E-01 -2.079713643E-03
 4.331262636E-01 7.500000000E-01 -1.752010029E-03
 4.330788928E-01 7.500000000E-01 -1.463392575E-03
 4.330422089E-01 7.500000000E-01 -1.002232426E-03
 4.330160916E-01 7.500000000E-01 -4.783774222E-04
 4.330004552E-01 7.500000000E-01 -1.214241795E-04
 4.329952488E-01 7.500000000E-01 0.000000000E+00
 4.330004552E-01 7.500000000E-01 1.214241795E-04
 4.330160916E-01 7.500000000E-01 4.783774222E-04
 4.330422089E-01 7.500000000E-01 1.002232426E-03
 4.330788928E-01 7.500000000E-01 1.463392575E-03
 4.331262636E-01 7.500000000E-01 1.752010029E-03
 4.331844768E-01 7.500000000E-01 2.079713643E-03
 4.332537242E-01 7.500000000E-01 2.472114352E-03
 4.333342347E-01 7.500000000E-01 2.841430976E-03
 4.334262750E-01 7.500000000E-01 3.185743467E-03
 4.335301516E-01 7.500000000E-01 3.543169858E-03
 4.336462116E-01 7.500000000E-01 3.914613481E-03
 4.337748450E-01 7.500000000E-01 4.287820755E-03
 4.339164860E-01 7.500000000E-01 4.659425112E-03
 4.340716156E-01 7.500000000E-01 5.034358935E-03
 4.342407635E-01 7.500000000E-01 5.415884292E-03
 4.344245111E-01 7.500000000E-01 5.802269260E-03
 4.346234941E-01 7.500000000E-01 6.192425104E-03
 4.348384058E-01 7.500000000E-01 6.586010226E-03
 4.350700001E-01 7.500000000E-01 6.984118837E-03
 4.353190956E-01 7.500000000E-01 7.387655572E-03
 4.355865795E-01 7.500000000E-01 7.796356192E-03
 4.358734120E-01 7.500000000E-01 8.210653174E-03
 4.361806306E-01 7.500000000E-01 8.630452642E-03
 4.365093559E-01 7.500000000E-01 9.055544121E-03
 4.368607965E-01 7.500000000E-01 9.486232054E-03
 4.372362554E-01 7.500000000E-01 9.922272587E-03
 4.376371360E-01 7.500000000E-01 1.036360234E-02
 4.380649489E-01 7.500000000E-01 1.081050617E-02
 4.385213197E-01 7.500000000E-01 1.126263130E-02
 4.390079965E-01 7.500000000E-01 1.171982009E-02
 4.395268584E-01 7.500000000E-01 1.218208238E-02
 4.400799247E-01 7.500000000E-01 1.264859117E-02
 4.406693642E-01 7.500000000E-01 1.311853778E-02
 4.412975057E-01 7.500000000E-01 1.359127861E-02
 4.419668489E-01 7.500000000E-01 1.406596971E-02
 4.426800758E-01 7.500000000E-01 1.454204887E-02
 4.434400630E-01 7.500000000E-01 1.501908180E-02
 4.442498948E-01 7.500000000E-01 1.549573485E-02
 4.451128770E-01 7.500000000E-01 1.597063217E-02
 4.460325506E-01 7.500000000E-01 1.644254970E-02
 4.470127077E-01 7.500000000E-01 1.691000060E-02
 4.480574068E-01 7.500000000E-01 1.737173957E-02
 4.491709892E-01 7.500000000E-01 1.782683798E-02
 4.503580962E-01 7.500000000E-01 1.827398062E-02
 4.516236864E-01 7.500000000E-01 1.871219629E-02
 4.529730537E-01 7.500000000E-01 1.914106277E-02
 4.544118457E-01 7.500000000E-01 1.955987550E-02
 4.559460819E-01 7.500000000E-01 1.996854370E-02
 4.575821724E-01 7.500000000E-01 2.036791284E-02
 4.593269361E-01 7.500000000E-01 2.075885689E-02
 4.611876182E-01 7.500000000E-01 2.114340731E-02
 4.631719074E-01 7.500000000E-01 2.152496447E-02
 4.652879519E-01 7.500000000E-01 2.190650533E-02
 4.675443729E-01 7.500000000E-01 2.229236223E-02
 4.699502777E-01 7.500000000E-01 2.268784313E-02
 4.725152682E-01 7.500000000E-01 2.309523214E-02
 4.752494480E-01 7.500000000E-01 2.351668755E-02
 4.781634239E-01 7.500000000E-01 2.395425895E-02
 4.812683034E-01 7.500000000E-01 2.440755976E-02
 4.845756861E-01 7.500000000E-01 2.487542668E-02
 4.880976488E-01 7.500000000E-01 2.535665831E-02
 4.918467222E-01 7.500000000E-01 2.585057113E-02
 4.958358586E-01 7.500000000E-01 2.635653035E-02
 5.000783902E-01 7.500000000E-01 2.687368055E-02
 5.045879750E-01 7.500000000E-01 2.740077781E-02
 5.093785303E-01 7.500000000E-01 2.793644691E-02
 5.144641525E-01 7.500000000E-01 2.847920191E-02
 5.198590214E-01 7.500000000E-01 2.902748251E-02
 5.255772883E-01 7.500000000E-01 2.957973357E-02
 5.316329469E-01 7.500000000E-01 3.013420181E-02
 5.380396864E-01 7.500000000E-01 3.068900763E-02
 5.448107263E-01 7.500000000E-01 3.124235756E-02
 5.519586336E-01 7.500000000E-01 3.179224200E-02
 5.594951213E-01 7.500000000E-01 3.233663138E-02
 5.674308321E-01 7.500000000E-01 3.287366066E-02
 5.757751063E-01 7.500000000E-01 3.340105153E-02
 5.845357384E-01 7.500000000E-01 3.391648938E-02
 5.937187257E-01 7.500000000E-01 3.441753078E-02
 6.033280121E-01 7.500000000E-01 3.490132721E-02
 6.133652339E-01 7.500000000E-01 3.536490127E-02
 6.238294725E-01 7.500000000E-01 3.580456232E-02
 6.347170217E-01 7.500000000E-01 3.621628741E-02
 6.460211763E-01 7.500000000E-01 3.659526315E-02
 6.577320502E-01 7.500000000E-01 3.693620045E-02
 6.698364327E-01 7.500000000E-01 3.723314082E-02
 6.823176892E-01 7.500000000E-01 3.747951258E-02
 6.951557155E-01 7.500000000E-01 3.766818934E-02
 7.083269505E-01 7.500000000E-01 3.779191511E-02
 7.218044531E-01 7.500000000E-01 3.784350671E-02
 7.355580465E-01 7.500000000E-01 3.781605312E-02
 7.495545311E-01 7.500000000E-01 3.770320414E-02
 7.637579650E-01 7.500000000E-01 3.749999588E-02
 7.781300078E-01 7.500000000E-01 3.720323194E-02
 7.926303240E-01 7.500000000E-01 3.681085385E-02
 8.072170345E-01 7.500000000E-01 3.632306906E-02
 8.218472085E-01 7.500000000E-01 3.574249010E-02
 8.364773825E-01 7.500000000E-01 3.507380574E-02
 8.510640929E-01 7.500000000E-01 3.432361039E-02
 8.655644091E-01 7.500000000E-01 3.350006380E-02
 8.799364520E-01 7.500000000E-01 3.261268025E-02
 8.941398858E-01 7.500000000E-01 3.167197353E-02
 9.081363704E-01 7.500000000E-01 3.068867885E-02
 9.218899639E-01 7.500000000E-01 2.967333737E-02
 9.353674664E-01 7.500000000E-01 2.863599364E-02
 9.485387014E-01 7.500000000E-01 2.758590824E-02
 9.613767277E-01 7.500000000E-01 2.653118270E-02
 9.738579842E-01 7.500000000E-01 2.547869673E-02
 9.859623667E-01 7.500000000E-01 2.443414855E-02
 9.976732407E-01 7.500000000E-01 2.340210325E-02
 1.008977395E+00 7.500000000E-01 2.238607426E-02
 1.019864944E+00 7.500000000E-01 2.138867319E-02
 1.030329183E+00 7.500000000E-01 2.041185248E-02
 1.040366405E+00 7.500000000E-01 1.945714220E-02
 1.049975691E+00 7.500000000E-01 1.852564623E-02
 1.059158679E+00 7.500000000E-01 1.761826716E-02
 1.067919311E+00 7.500000000E-01 1.673570217E-02
 1.076263585E+00 7.500000000E-01 1.587866786E-02
 1.084199296E+00 7.500000000E-01 1.504789791E-02
 1.091735783E+00 7.500000000E-01 1.424407476E-02
 1.098883691E+00 7.500000000E-01 1.346785350E-02
 1.105654731E+00 7.500000000E-01 1.271975529E-02
 1.112061470E+00 7.500000000E-01 1.200031981E-02
 1.118117129E+00 7.500000000E-01 1.130996651E-02
 1.123835395E+00 7.500000000E-01 1.064890737E-02
 1.129230264E+00 7.500000000E-01 1.001735218E-02
 1.134315887E+00 7.500000000E-01 9.415308495E-03
 1.139106442E+00 7.500000000E-01 8.842567441E-03
 1.143616027E+00 7.500000000E-01 8.298819364E-03
 1.147858558E+00 7.500000000E-01 7.783549403E-03
 1.151847695E+00 7.500000000E-01 7.296150559E-03
 1.155596768E+00 7.500000000E-01 6.835979359E-03
 1.159118731E+00 7.500000000E-01 6.402218720E-03
 1.162426114E+00 7.500000000E-01 5.993850820E-03
 1.165530993E+00 7.500000000E-01 5.609735300E-03
 1.168444969E+00 7.500000000E-01 5.248755978E-03
 1.171179149E+00 7.500000000E-01 4.910139137E-03
 1.173744139E+00 7.500000000E-01 4.593140155E-03
 1.176150044E+00 7.500000000E-01 4.296767559E-03
 1.178406465E+00 7.500000000E-01 4.019547293E-03
 1.180522509E+00 7.500000000E-01 3.760021882E-03
 1.182506799E+00 7.500000000E-01 3.516884542E-03
 1.184367481E+00 7.500000000E-01 3.288957579E-03
 1.186112244E+00 7.500000000E-01 3.075174495E-03
 1.187748335E+00 7.500000000E-01 2.874565156E-03
 1.189282571E+00 7.500000000E-01 2.686243474E-03
 1.190721363E+00 7.500000000E-01 2.509397143E-03
 1.192070730E+00 7.500000000E-01 2.343279071E-03
 1.193336321E+00 7.500000000E-01 2.187200175E-03
 1.194523428E+00 7.500000000E-01 2.040523308E-03
 1.195637010E+00 7.500000000E-01 1.902658104E-03
 1.196681709E+00 7.500000000E-01 1.773056564E-03
 1.197661866E+00 7.500000000E-01 1.651209267E-03
 1.198581540E+00 7.500000000E-01 1.536642072E-03
 1.199444522E+00 7.500000000E-01 1.428913246E-03
 1.200254354E+00 7.500000000E-01 1.327610926E-03
 1.201014341E+00 7.500000000E-01 1.232350871E-03
 1.201727568E+00 7.500000000E-01 1.142774450E-03
 1.202396911E+00 7.500000000E-01 1.058546836E-03
 1.203025053E+00 7.500000000E-01 9.793553613E-04
 1.203614492E+00 7.500000000E-01 9.049080335E-04
 1.204167559E+00 7.500000000E-01 8.349321660E-04
 1.204686420E+00 7.500000000E-01 7.691731273E-04
 1.205173097E+00 7.500000000E-01 7.073931857E-04
 1.205629468E+00 7.500000000E-01 6.493704429E-04
 1.206057281E+00 7.500000000E-01 5.948978446E-04
 1.206458161E+00 7.500000000E-01 5.437822643E-04
 1.206833620E+00 7.500000000E-01 4.958448537E-04
 1.207185061E+00 7.500000000E-01 4.509225517E-04
 1.207513786E+00 7.500000000E-01 4.088628529E-04
 1.207821005E+00 7.500000000E-01 3.695224485E-04
 1.208107837E+00 7.500000000E-01 3.327670033E-04
 1.208375321E+00 7.500000000E-01 2.984708906E-04
 1.208624417E+00 7.500000000E-01 2.665168985E-04
 1.208856011E+00 7.500000000E-01 2.367959193E-04
 1.209070923E+00 7.500000000E-01 2.092066319E-04
 1.209269906E+00 7.500000000E-01 1.836551824E-04
 1.209453653E+00 7.500000000E-01 1.600548711E-04
 1.209622801E+00 7.500000000E-01 1.383258477E-04
 1.209777931E+00 7.500000000E-01 1.183948189E-04
 1.209919572E+00 7.500000000E-01 1.001947715E-04
 1.210048205E+00 7.500000000E-01 8.366471122E-05
 1.210164265E+00 7.500000000E-01 6.874941988E-05
 1.210268142E+00 7.500000000E-01 5.539923107E-05
 1.210360182E+00 7.500000000E-01 4.356982493E-05
 1.210440693E+00 7.500000000E-01 3.322204258E-05
 1.210509940E+00 7.500000000E-01 2.432172033E-05
 1.210568153E+00 7.500000000E-01 1.683954355E-05
 1.210615524E+00 7.500000000E-01 1.075092041E-05
 1.210652208E+00 7.500000000E-01 6.035875190E-06
 1.210678325E+00 7.500000000E-01 2.678961251E-06
 1.210693962E+00 7.500000000E-01 6.691934626E-07
 1.210699168E+00 7.500000000E-01 0.000000000E+00

ZONE T="SLICE_Y_1p4"
 1.393305114E+00 1.400000000E+00 0.000000000E+00
 1.393301197E+00 1.400000000E+00 -5.034175983E-07
 1.393289434E+00 1.400000000E+00 -2.015315920E-06
 1.393269787E+00 1.400000000E+00 -4.540638786E-06
 1.393242191E+00 1.400000000E+00 -8.087650039E-06
 1.393206555E+00 1.400000000E+00 -1.266796980E-05
 1.393162762E+00 1.400000000E+00 -1.829662529E-05
 1.393110669E+00 1.400000000E+00 -2.499211636E-05
 1.393050103E+00 1.400000000E+00 -3.277649566E-05
 1.392980864E+00 1.400000000E+00 -4.167546370E-05
 1.392902720E+00 1.400000000E+00 -5.171847870E-05
 1.392815411E+00 1.400000000E+00 -6.293888141E-05
 1.392718643E+00 1.400000000E+00 -7.537403465E-05
 1.392612090E+00 1.400000000E+00 -8.906547768E-05
 1.392495390E+00 1.400000000E+00 -1.040590949E-04
 1.392368144E+00 1.400000000E+00 -1.204052988E-04
 1.392229915E+00 1.400000000E+00 -1.381592260E-04
 1.392080225E+00 1.400000000E+00 -1.573809459E-04
 1.391918553E+00 1.400000000E+00 -1.781356807E-04
 1.391744330E+00 1.400000000E+00 -2.004940342E-04
 1.391556942E+00 1.400000000E+00 -2.245322277E-04
 1.391355720E+00 1.400000000E+00 -2.503323403E-04
 1.391139943E+00 1.400000000E+00 -2.779825476E-04
 1.390908830E+00 1.400000000E+00 -3.075773554E-04
 1.390661539E+00 1.400000000E+00 -3.392178207E-04
 1.390397158E+00 1.400000000E+00 -3.730117512E-04
 1.390114710E+00 1.400000000E+00 -4.090738729E-04
 1.389813138E+00 1.400000000E+00 -4.475268527E-04
 1.389491305E+00 1.400000000E+00 -4.885052336E-04
 1.389147988E+00 1.400000000E+00 -5.321543000E-04
 1.388781873E+00 1.400000000E+00 -5.786298134E-04
 1.388391546E+00 1.400000000E+00 -6.280987028E-04
 1.387975488E+00 1.400000000E+00 -6.807398075E-04
 1.387532068E+00 1.400000000E+00 -7.367446806E-04
 1.387059532E+00 1.400000000E+00 -7.963184571E-04
 1.386556002E+00 1.400000000E+00 -8.596807968E-04
 1.386019459E+00 1.400000000E+00 -9.270669102E-04
 1.385447740E+00 1.400000000E+00 -9.987286807E-04
 1.384838524E+00 1.400000000E+00 -1.074935897E-03
 1.384189324E+00 1.400000000E+00 -1.155977613E-03
 1.383497476E+00 1.400000000E+00 -1.242163664E-03
 1.382760128E+00 1.400000000E+00 -1.333826355E-03
 1.381974227E+00 1.400000000E+00 -1.431322370E-03
 1.381136507E+00 1.400000000E+00 -1.535034934E-03
 1.380243476E+00 1.400000000E+00 -1.645376293E-03
 1.379291404E+00 1.400000000E+00 -1.762790565E-03
 1.378276308E+00 1.400000000E+00 -1.887757059E-03
 1.377193941E+00 1.400000000E+00 -2.020794155E-03
 1.376039773E+00 1.400000000E+00 -2.162463873E-03
 1.374808983E+00 1.400000000E+00 -2.313377289E-03
 1.373496440E+00 1.400000000E+00 -2.474200986E-03
 1.372096696E+00 1.400000000E+00 -2.645664772E-03
 1.370603964E+00 1.400000000E+00 -2.828570946E-03
 1.369012117E+00 1.400000000E+00 -3.023805458E-03
 1.367314667E+00 1.400000000E+00 -3.232351369E-03
 1.365504765E+00 1.400000000E+00 -3.455305102E-03
 1.363575186E+00 1.400000000E+00 -3.693775552E-03
 1.361518331E+00 1.400000000E+00 -3.948508580E-03
 1.359326219E+00 1.400000000E+00 -4.220064346E-03
 1.356990496E+00 1.400000000E+00 -4.509024898E-03
 1.354502434E+00 1.400000000E+00 -4.816229912E-03
 1.351852949E+00 1.400000000E+00 -5.142537253E-03
 1.349032614E+00 1.400000000E+00 -5.488712602E-03
 1.346031686E+00 1.400000000E+00 -5.855370630E-03
 1.342840135E+00 1.400000000E+00 -6.242995407E-03
 1.339447687E+00 1.400000000E+00 -6.652043561E-03
 1.335843871E+00 1.400000000E+00 -7.082902411E-03
 1.332018084E+00 1.400000000E+00 -7.535804900E-03
 1.327959658E+00 1.400000000E+00 -8.010908162E-03
 1.323657948E+00 1.400000000E+00 -8.508206515E-03
 1.319102427E+00 1.400000000E+00 -9.027542131E-03
 1.314282796E+00 1.400000000E+00 -9.568755552E-03
 1.309189111E+00 1.400000000E+00 -1.013153123E-02
 1.303811918E+00 1.400000000E+00 -1.071546317E-02
 1.298142406E+00 1.400000000E+00 -1.132015934E-02
 1.292172568E+00 1.400000000E+00 -1.194512691E-02
 1.285895378E+00 1.400000000E+00 -1.258985250E-02
 1.279304973E+00 1.400000000E+00 -1.325378420E-02
 1.272396840E+00 1.400000000E+00 -1.393638291E-02
 1.265168012E+00 1.400000000E+00 -1.463712416E-02
 1.257617260E+00 1.400000000E+00 -1.535532896E-02
 1.249745274E+00 1.400000000E+00 -1.609016688E-02
 1.241554841E+00 1.400000000E+00 -1.684048690E-02
 1.233051007E+00 1.400000000E+00 -1.760482024E-02
 1.224241208E+00 1.400000000E+00 -1.838120225E-02
 1.215135382E+00 1.400000000E+00 -1.916698987E-02
 1.205746043E+00 1.400000000E+00 -1.995874888E-02
 1.196088315E+00 1.400000000E+00 -2.075219268E-02
 1.186179922E+00 1.400000000E+00 -2.154214581E-02
 1.176041133E+00 1.400000000E+00 -2.232251369E-02
 1.165694646E+00 1.400000000E+00 -2.308632984E-02
 1.155165439E+00 1.400000000E+00 -2.382603797E-02
 1.144480549E+00 1.400000000E+00 -2.453370824E-02
 1.133668819E+00 1.400000000E+00 -2.520126481E-02
 1.122760591E+00 1.400000000E+00 -2.582079843E-02
 1.111787372E+00 1.400000000E+00 -2.638515173E-02
 1.100781456E+00 1.400000000E+00 -2.688818635E-02
 1.089775540E+00 1.400000000E+00 -2.732494146E-02
 1.078802320E+00 1.400000000E+00 -2.769188983E-02
 1.067894093E+00 1.400000000E+00 -2.798706611E-02
 1.057082363E+00 1.400000000E+00 -2.821031423E-02
 1.046397473E+00 1.400000000E+00 -2.836318275E-02
 1.035868265E+00 1.400000000E+00 -2.844807624E-02
 1.025521779E+00 1.400000000E+00 -2.846872888E-02
 1.015382989E+00 1.400000000E+00 -2.842991781E-02
 1.005474597E+00 1.400000000E+00 -2.833684199E-02
 9.958168687E-01 1.400000000E+00 -2.819490516E-02
 9.864275299E-01 1.400000000E+00 -2.800956581E-02
 9.773217040E-01 1.400000000E+00 -2.778618495E-02
 9.685119048E-01 1.400000000E+00 -2.752970630E-02
 9.600080704E-01 1.400000000E+00 -2.724461228E-02
 9.518176379E-01 1.400000000E+00 -2.693488173E-02
 9.439456515E-01 1.400000000E+00 -2.660413566E-02
 9.363948992E-01 1.400000000E+00 -2.625540043E-02
 9.291660720E-01 1.400000000E+00 -2.589145240E-02
 9.222579391E-01 1.400000000E+00 -2.551453142E-02
 9.156675334E-01 1.400000000E+00 -2.512678034E-02
 9.093903435E-01 1.400000000E+00 -2.473003731E-02
 9.034205056E-01 1.400000000E+00 -2.432604354E-02
 8.977509933E-01 1.400000000E+00 -2.391651295E-02
 8.923738005E-01 1.400000000E+00 -2.350284856E-02
 8.872801155E-01 1.400000000E+00 -2.308657717E-02
 8.824604848E-01 1.400000000E+00 -2.266921055E-02
 8.779049635E-01 1.400000000E+00 -2.225209788E-02
 8.736032535E-01 1.400000000E+00 -2.183665315E-02
 8.695448278E-01 1.400000000E+00 -2.142419529E-02
 8.657190407E-01 1.400000000E+00 -2.101589420E-02
 8.621152251E-01 1.400000000E+00 -2.061292366E-02
 8.587227766E-01 1.400000000E+00 -2.021640150E-02
 8.555312256E-01 1.400000000E+00 -1.982736226E-02
 8.525302975E-01 1.400000000E+00 -1.944674173E-02
 8.497099628E-01 1.400000000E+00 -1.907518340E-02
 8.470604778E-01 1.400000000E+00 -1.871316481E-02
 8.445724161E-01 1.400000000E+00 -1.836120017E-02
 8.422366925E-01 1.400000000E+00 -1.802019324E-02
 8.400445809E-01 1.400000000E+00 -1.769101915E-02
 8.379877254E-01 1.400000000E+00 -1.737396873E-02
 8.360581468E-01 1.400000000E+00 -1.706750011E-02
 8.342482445E-01 1.400000000E+00 -1.676998967E-02
 8.325507951E-01 1.400000000E+00 -1.647971912E-02
 8.309589475E-01 1.400000000E+00 -1.619269542E-02
 8.294662160E-01 1.400000000E+00 -1.590565946E-02
 8.280664712E-01 1.400000000E+00 -1.561637174E-02
 8.267539289E-01 1.400000000E+00 -1.532227426E-02
 8.255231387E-01 1.400000000E+00 -1.502183878E-02
 8.243689709E-01 1.400000000E+00 -1.471440786E-02
 8.232866035E-01 1.400000000E+00 -1.439934546E-02
 8.222715081E-01 1.400000000E+00 -1.407671987E-02
 8.213194360E-01 1.400000000E+00 -1.374706113E-02
 8.204264050E-01 1.400000000E+00 -1.341068684E-02
 8.195886846E-01 1.400000000E+00 -1.306832763E-02
 8.188027834E-01 1.400000000E+00 -1.272097288E-02
 8.180654356E-01 1.400000000E+00 -1.236932120E-02
 8.173735880E-01 1.400000000E+00 -1.201430938E-02
 8.167243880E-01 1.400000000E+00 -1.165705593E-02
 8.161151717E-01 1.400000000E+00 -1.129848170E-02
 8.155434522E-01 1.400000000E+00 -1.093962169E-02
 8.150069093E-01 1.400000000E+00 -1.058147918E-02
 8.145033791E-01 1.400000000E+00 -1.022438086E-02
 8.140308439E-01 1.400000000E+00 -9.868749702E-03
 8.135874232E-01 1.400000000E+00 -9.515220555E-03
 8.131713652E-01 1.400000000E+00 -9.164277590E-03
 8.127810383E-01 1.400000000E+00 -8.816529168E-03
 8.124149234E-01 1.400000000E+00 -8.472597415E-03
 8.120716070E-01 1.400000000E+00 -8.132474926E-03
 8.117497740E-01 1.400000000E+00 -7.796280285E-03
 8.114482016E-01 1.400000000E+00 -7.464278889E-03
 8.111657532E-01 1.400000000E+00 -7.136256441E-03
 8.109013731E-01 1.400000000E+00 -6.812260620E-03
 8.106540812E-01 1.400000000E+00 -6.492474873E-03
 8.104229683E-01 1.400000000E+00 -6.176670174E-03
 8.102071914E-01 1.400000000E+00 -5.865004859E-03
 8.100059699E-01 1.400000000E+00 -5.557549547E-03
 8.098185815E-01 1.400000000E+00 -5.253978898E-03
 8.096443589E-01 1.400000000E+00 -4.954491691E-03
 8.094826862E-01 1.400000000E+00 -4.658407393E-03
 8.093329962E-01 1.400000000E+00 -4.364902855E-03
 8.091947674E-01 1.400000000E+00 -4.074235054E-03
 8.090675217E-01 1.400000000E+00 -3.787223017E-03
 8.089508216E-01 1.400000000E+00 -3.505169627E-03
 8.088442686E-01 1.400000000E+00 -3.225620911E-03
 8.087475009E-01 1.400000000E+00 -2.944866361E-03
 8.086601918E-01 1.400000000E+00 -2.665438561E-03
 8.085820480E-01 1.400000000E+00 -2.396555577E-03
 8.085128084E-01 1.400000000E+00 -2.137537854E-03
 8.084522424E-01 1.400000000E+00 -1.859710143E-03
 8.084001493E-01 1.400000000E+00 -1.564516849E-03
 8.083563569E-01 1.400000000E+00 -1.317993570E-03
 8.083207211E-01 1.400000000E+00 -1.100873838E-03
 8.082931247E-01 1.400000000E+00 -7.539545275E-04
 8.082734772E-01 1.400000000E+00 -3.598714370E-04
 8.082617144E-01 1.400000000E+00 -9.134439028E-05
 8.082577977E-01 1.400000000E+00 0.000000000E+00
 8.082617144E-01 1.400000000E+00 9.134439028E-05
 8.082734772E-01 1.400000000E+00 3.598714370E-04
 8.082931247E-01 1.400000000E+00 7.539545275E-04
 8.083207211E-01 1.400000000E+00 1.100873838E-03
 8.083563569E-01 1.400000000E+00 1.317993570E-03
 8.084001493E-01 1.400000000E+00 1.564516849E-03
 8.084522424E-01 1.400000000E+00 1.859710143E-03
 8.085128084E-01 1.400000000E+00 2.137537854E-03
 8.085820480E-01 1.400000000E+00 2.396555577E-03
 8.086601918E-01 1.400000000E+00 2.665438561E-03
 8.087475009E-01 1.400000000E+00 2.944866361E-03
 8.088442686E-01 1.400000000E+00 3.225620911E-03
 8.089508216E-01 1.400000000E+00 3.505169627E-03
 8.090675217E-01 1.400000000E+00 3.787223017E-03
 8.091947674E-01 1.400000000E+00 4.074235054E-03
 8.093329962E-01 1.400000000E+00 4.364902855E-03
 8.094826862E-01 1.400000000E+00 4.658407393E-03
 8.096443589E-01 1.400000000E+00 4.954491691E-03
 8.098185815E-01 1.400000000E+00 5.253978898E-03
 8.100059699E-01 1.400000000E+00 5.557549547E-03
 8.102071914E-01 1.400000000E+00 5.865004859E-03
 8.104229683E-01 1.400000000E+00 6.176670174E-03
 8.106540812E-01 1.400000000E+00 6.492474873E-03
 8.109013731E-01 1.400000000E+00 6.812260620E-03
 8.111657532E-01 1.400000000E+00 7.136256441E-03
 8.114482016E-01 1.400000000E+00 7.464278889E-03
 8.117497740E-01 1.400000000E+00 7.796280285E-03
 8.120716070E-01 1.400000000E+00 8.132474926E-03
 8.124149234E-01 1.400000000E+00 8.472597415E-03
 8.127810383E-01 1.400000000E+00 8.816529168E-03
 8.131713652E-01 1.400000000E+00 9.164277590E-03
 8.135874232E-01 1.400000000E+00 9.515220555E-03
 8.140308439E-01 1.400000000E+00 9.868749702E-03
 8.145033791E-01 1.400000000E+00 1.022438086E-02
 8.150069093E-01 1.400000000E+00 1.058147918E-02
 8.155434522E-01 1.400000000E+00 1.093962169E-02
 8.161151717E-01 1.400000000E+00 1.129848170E-02
 8.167243880E-01 1.400000000E+00 1.165705593E-02
 8.173735880E-01 1.400000000E+00 1.201430938E-02
 8.180654356E-01 1.400000000E+00 1.236932120E-02
 8.188027834E-01 1.400000000E+00 1.272097288E-02
 8.195886846E-01 1.400000000E+00 1.306832763E-02
 8.204264050E-01 1.400000000E+00 1.341068684E-02
 8.213194360E-01 1.400000000E+00 1.374706113E-02
 8.222715081E-01 1.400000000E+00 1.407671987E-02
 8.232866035E-01 1.400000000E+00 1.439934546E-02
 8.243689709E-01 1.400000000E+00 1.471440786E-02
 8.255231387E-01 1.400000000E+00 1.502183878E-02
 8.267539289E-01 1.400000000E+00 1.532227426E-02
 8.280664712E-01 1.400000000E+00 1.561637174E-02
 8.294662160E-01 1.400000000E+00 1.590565946E-02
 8.309589475E-01 1.400000000E+00 1.619269542E-02
 8.325507951E-01 1.400000000E+00 1.647971912E-02
 8.342482445E-01 1.400000000E+00 1.676998967E-02
 8.360581468E-01 1.400000000E+00 1.706750011E-02
 8.379877254E-01 1.400000000E+00 1.737396873E-02
 8.400445809E-01 1.400000000E+00 1.769101915E-02
 8.422366925E-01 1.400000000E+00 1.802019324E-02
 8.445724161E-01 1.400000000E+00 1.836120017E-02
 8.470604778E-01 1.400000000E+00 1.871316481E-02
 8.497099628E-01 1.400000000E+00 1.907518340E-02
 8.525302975E-01 1.400000000E+00 1.944674173E-02
 8.555312256E-01 1.400000000E+00 1.982736226E-02
 8.587227766E-01 1.400000000E+00 2.021640150E-02
 8.621152251E-01 1.400000000E+00 2.061292366E-02
 8.657190407E-01 1.400000000E+00 2.101589420E-02
 8.695448278E-01 1.400000000E+00 2.142419529E-02
 8.736032535E-01 1.400000000E+00 2.183665315E-02
 8.779049635E-01 1.400000000E+00 2.225209788E-02
 8.824604848E-01 1.400000000E+00 2.266921055E-02
 8.872801155E-01 1.400000000E+00 2.308657717E-02
 8.923738005E-01 1.400000000E+00 2.350284856E-02
 8.977509933E-01 1.400000000E+00 2.391651295E-02
 9.034205056E-01 1.400000000E+00 2.432604354E-02
 9.093903435E-01 1.400000000E+00 2.473003731E-02
 9.156675334E-01 1.400000000E+00 2.512678034E-02
 9.222579391E-01 1.400000000E+00 2.551453142E-02
 9.291660720E-01 1.400000000E+00 2.589145240E-02
 9.363948992E-01 1.400000000E+00 2.625540043E-02
 9.439456515E-01 1.400000000E+00 2.660413566E-02
 9.518176379E-01 1.400000000E+00 2.693488173E-02
 9.600080704E-01 1.400000000E+00 2.724461228E-02
 9.685119048E-01 1.400000000E+00 2.752970630E-02
 9.773217040E-01 1.400000000E+00 2.778618495E-02
 9.864275299E-01 1.400000000E+00 2.800956581E-02
 9.958168687E-01 1.400000000E+00 2.819490516E-02
 1.005474597E+00 1.400000000E+00 2.833684199E-02
 1.015382989E+00 1.400000000E+00 2.842991781E-02
 1.025521779E+00 1.400000000E+00 2.846872888E-02
 1.035868265E+00 1.400000000E+00 2.844807624E-02
 1.046397473E+00 1.400000000E+00 2.836318275E-02
 1.057082363E+00 1.400000000E+00 2.821031423E-02
 1.067894093E+00 1.400000000E+00 2.798706611E-02
 1.078802320E+00 1.400000000E+00 2.769188983E-02
 1.089775540E+00 1.400000000E+00 2.732494146E-02
 1.100781456E+00 1.400000000E+00 2.688818635E-02
 1.111787372E+00 1.400000000E+00 2.638515173E-02
 1.122760591E+00 1.400000000E+00 2.582079843E-02
 1.133668819E+00 1.400000000E+00 2.520126481E-02
 1.144480549E+00 1.400000000E+00 2.453370824E-02
 1.155165439E+00 1.400000000E+00 2.382603797E-02
 1.165694646E+00 1.400000000E+00 2.308632984E-02
 1.176041133E+00 1.400000000E+00 2.232251369E-02
 1.186179922E+00 1.400000000E+00 2.154214581E-02
 1.196088315E+00 1.400000000E+00 2.075219268E-02
 1.205746043E+00 1.400000000E+00 1.995874888E-02
 1.215135382E+00 1.400000000E+00 1.916698987E-02
 1.224241208E+00 1.400000000E+00 1.838120225E-02
 1.233051007E+00 1.400000000E+00 1.760482024E-02
 1.241554841E+00 1.400000000E+00 1.684048690E-02
 1.249745274E+00 1.400000000E+00 1.609016688E-02
 1.257617260E+00 1.400000000E+00 1.535532896E-02
 1.265168012E+00 1.400000000E+00 1.463712416E-02
 1.272396840E+00 1.400000000E+00 1.393638291E-02
 1.279304973E+00 1.400000000E+00 1.325378420E-02
 1.285895378E+00 1.400000000E+00 1.258985250E-02
 1.292172568E+00 1.400000000E+00 1.194512691E-02
 1.298142406E+00 1.400000000E+00 1.132015934E-02
 1.303811918E+00 1.400000000E+00 1.071546317E-02
 1.309189111E+00 1.400000000E+00 1.013153123E-02
 1.314282796E+00 1.400000000E+00 9.568755552E-03
 1.319102427E+00 1.400000000E+00 9.027542131E-03
 1.323657948E+00 1.400000000E+00 8.508206515E-03
 1.327959658E+00 1.400000000E+00 8.010908162E-03
 1.332018084E+00 1.400000000E+00 7.535804900E-03
 1.335843871E+00 1.400000000E+00 7.082902411E-03
 1.339447687E+00 1.400000000E+00 6.652043561E-03
 1.342840135E+00 1.400000000E+00 6.242995407E-03
 1.346031686E+00 1.400000000E+00 5.855370630E-03
 1.349032614E+00 1.400000000E+00 5.488712602E-03
 1.351852949E+00 1.400000000E+00 5.142537253E-03
 1.354502434E+00 1.400000000E+00 4.816229912E-03
 1.356990496E+00 1.400000000E+00 4.509024898E-03
 1.359326219E+00 1.400000000E+00 4.220064346E-03
 1.361518331E+00 1.400000000E+00 3.948508580E-03
 1.363575186E+00 1.400000000E+00 3.693775552E-03
 1.365504765E+00 1.400000000E+00 3.455305102E-03
 1.367314667E+00 1.400000000E+00 3.232351369E-03
 1.369012117E+00 1.400000000E+00 3.023805458E-03
 1.370603964E+00 1.400000000E+00 2.828570946E-03
 1.372096696E+00 1.400000000E+00 2.645664772E-03
 1.373496440E+00 1.400000000E+00 2.474200986E-03
 1.374808983E+00 1.400000000E+00 2.313377289E-03
 1.376039773E+00 1.400000000E+00 2.162463873E-03
 1.377193941E+00 1.400000000E+00 2.020794155E-03
 1.378276308E+00 1.400000000E+00 1.887757059E-03
 1.379291404E+00 1.400000000E+00 1.762790565E-03
 1.380243476E+00 1.400000000E+00 1.645376293E-03
 1.381136507E+00 1.400000000E+00 1.535034934E-03
 1.381974227E+00 1.400000000E+00 1.431322370E-03
 1.382760128E+00 1.400000000E+00 1.333826355E-03
 1.383497476E+00 1.400000000E+00 1.242163664E-03
 1.384189324E+00 1.400000000E+00 1.155977613E-03
 1.384838524E+00 1.400000000E+00 1.074935897E-03
 1.385447740E+00 1.400000000E+00 9.987286807E-04
 1.386019459E+00 1.400000000E+00 9.270669102E-04
 1.386556002E+00 1.400000000E+00 8.596807968E-04
 1.387059532E+00 1.400000000E+00 7.963184571E-04
 1.387532068E+00 1.400000000E+00 7.367446806E-04
 1.387975488E+00 1.400000000E+00 6.807398075E-04
 1.388391546E+00 1.400000000E+00 6.280987028E-04
 1.388781873E+00 1.400000000E+00 5.786298134E-04
 1.389147988E+00 1.400000000E+00 5.321543000E-04
 1.389491305E+00 1.400000000E+00 4.885052336E-04
 1.389813138E+00 1.400000000E+00 4.475268527E-04
 1.390114710E+00 1.400000000E+00 4.090738729E-04
 1.390397158E+00 1.400000000E+00 3.730117512E-04
 1.390661539E+00 1.400000000E+00 3.392178207E-04
 1.390908830E+00 1.400000000E+00 3.075773554E-04
 1.391139943E+00 1.400000000E+00 2.779825476E-04
 1.391355720E+00 1.400000000E+00 2.503323403E-04
 1.391556942E+00 1.400000000E+00 2.245322277E-04
 1.391744330E+00 1.400000000E+00 2.004940342E-04
 1.391918553E+00 1.400000000E+00 1.781356807E-04
 1.392080225E+00 1.400000000E+00 1.573809459E-04
 1.392229915E+00 1.400000000E+00 1.381592260E-04
 1.392368144E+00 1.400000000E+00 1.204052988E-04
 1.392495390E+00 1.400000000E+00 1.040590949E-04
 1.392612090E+00 1.400000000E+00 8.906547768E-05
 1.392718643E+00 1.400000000E+00 7.537403465E-05
 1.392815411E+00 1.400000000E+00 6.293888141E-05
 1.392902720E+00 1.400000000E+00 5.171847870E-05
 1.392980864E+00 1.400000000E+00 4.167546370E-05
 1.393050103E+00 1.400000000E+00 3.277649566E-05
 1.393110669E+00 1.400000000E+00 2.499211636E-05
 1.393162762E+00 1.400000000E+00 1.829662529E-05
 1.393206555E+00 1.400000000E+00 1.266796980E-05
 1.393242191E+00 1.400000000E+00 8.087650039E-06
 1.393269787E+00 1.400000000E+00 4.540638786E-06
 1.393289434E+00 1.400000000E+00 2.015315920E-06
 1.393301197E+00 1.400000000E+00 5.034175983E-07
 1.393305114E+00 1.400000000E+00 0.000000000E+00
