#+++++++++++++++++++++++++++++++++++++++++++++++++++++++++++++++++++++++++++++++++++++++++++++++++++++++++++++++++++++++++++++++++
#
#   IPW-3 Cut/Slice DATA SUBMITTAL FORM for Test Case NACA0012_Cp_Conditions
#
#       NOMENCLATURE:
#                  X [m]:  X-coordinate of the surface (clean for reference)
#                  Y [m]:  Y-coordinate of the surface (clean for reference)
#                  Z [m]:  Z-coordinate of the surface (clean for reference)
#                  Cp [-]:  Pressure coefficient
#
#    FLOW CONDITIONS:
#                                   AOA: 4.0 deg
#                           Mach Number: 0.3114 [-]
#       Mean aerodynamic chord (M.A.C.): 0.5334 [m]
#                       Reynolds Number: 3.8441 million (based on MAC)
#                       Freestream Temp: 267.75 [K]
#                        Reference area: 0.97548 [m2]
#               Moment Reference Center: 0.13335, 0, 0 [m] (X, Y, Z)
#
#
#              NOTES: 1. Please use at least 5 decimal places in the numerical values
#                     2. If data are NOT provided, please fill data fields with a numerical value of "-999"
#
#+++++++++++++++++++++++++++++++++++++++++++++++++++++++++++++++++++++++++++++++++++++++++++++++++++++++++++++++++++++++++++++++++++
 VARIABLES = "X" "Y" "Z" "Cp"

ZONE T="SLICE_Y_0p9144_CUTDATA"
0.01990277 0.50000000 -0.01668625 4.15309608e-01
0.02041413 0.50000000 -0.01687598 4.03939605e-01
0.02112343 0.50000000 -0.01712992 3.92856151e-01
0.02163550 0.50000000 -0.01731058 3.81759346e-01
0.02214658 0.50000000 -0.01748881 3.70623887e-01
0.02286456 0.50000000 -0.01773322 3.59852880e-01
0.02337459 0.50000000 -0.01790465 3.49295139e-01
0.02388499 0.50000000 -0.01807204 3.39088589e-01
0.02461091 0.50000000 -0.01830733 3.29523414e-01
0.02534250 0.50000000 -0.01854074 3.20689201e-01
0.02585200 0.50000000 -0.01869891 3.12266797e-01
0.02635987 0.50000000 -0.01885614 3.04585636e-01
0.02709807 0.50000000 -0.01907816 2.97081351e-01
0.02783970 0.50000000 -0.01929770 2.89953053e-01
0.02834801 0.50000000 -0.01944678 2.82864332e-01
0.02885640 0.50000000 -0.01959254 2.75856346e-01
0.02960294 0.50000000 -0.01980493 2.68778562e-01
0.03010989 0.50000000 -0.01994554 2.61554897e-01
0.03061683 0.50000000 -0.02008616 2.54331529e-01
0.03136649 0.50000000 -0.02028870 2.47274786e-01
0.03212071 0.50000000 -0.02048941 2.40387022e-01
0.03262603 0.50000000 -0.02062154 2.33563706e-01
0.03312991 0.50000000 -0.02075216 2.26995528e-01
0.03388799 0.50000000 -0.02094587 2.20476195e-01
0.03464841 0.50000000 -0.02113611 2.14130670e-01
0.03515213 0.50000000 -0.02126099 2.07760826e-01
0.03565436 0.50000000 -0.02138322 2.01461419e-01
0.03641826 0.50000000 -0.02156759 1.95106313e-01
0.03718397 0.50000000 -0.02174832 1.88850552e-01
0.03768603 0.50000000 -0.02186640 1.82600051e-01
0.03818646 0.50000000 -0.02198145 1.76610351e-01
0.03895523 0.50000000 -0.02215753 1.70799687e-01
0.03972559 0.50000000 -0.02232914 1.65370464e-01
0.04049893 0.50000000 -0.02249981 1.60249203e-01
0.04099821 0.50000000 -0.02260793 1.55303985e-01
0.04149749 0.50000000 -0.02271605 1.50551885e-01
0.04227183 0.50000000 -0.02287941 1.45911887e-01
0.04304892 0.50000000 -0.02304200 1.41333103e-01
0.04354628 0.50000000 -0.02314394 1.36752725e-01
0.04404364 0.50000000 -0.02324588 1.32221818e-01
0.04482136 0.50000000 -0.02340219 1.27777010e-01
0.04560144 0.50000000 -0.02355790 1.23419516e-01
0.04638313 0.50000000 -0.02370956 1.19127378e-01
0.04687855 0.50000000 -0.02380569 1.14915281e-01
0.04737288 0.50000000 -0.02389926 1.10832050e-01
0.04815643 0.50000000 -0.02404705 1.06786698e-01
0.04894122 0.50000000 -0.02419163 1.02836415e-01
0.04972667 0.50000000 -0.02433535 9.89172757e-02
0.05022046 0.50000000 -0.02442358 9.50526446e-02
0.05071293 0.50000000 -0.02451152 9.12356675e-02
0.05149975 0.50000000 -0.02465051 8.75085890e-02
0.05228814 0.50000000 -0.02478772 8.38742182e-02
0.05307867 0.50000000 -0.02492267 8.03904235e-02
0.05356903 0.50000000 -0.02500523 7.69897625e-02
0.05405940 0.50000000 -0.02508779 7.37409815e-02
0.05484969 0.50000000 -0.02521765 7.06110522e-02
0.05564161 0.50000000 -0.02534734 6.75935745e-02
0.05643452 0.50000000 -0.02547387 6.46221489e-02
0.05692298 0.50000000 -0.02555181 6.16751835e-02
0.05741012 0.50000000 -0.02562795 5.87522239e-02
0.05820444 0.50000000 -0.02575096 5.58177829e-02
0.05899910 0.50000000 -0.02587220 5.29196896e-02
0.05979474 0.50000000 -0.02599183 5.00280224e-02
0.06059225 0.50000000 -0.02610975 4.71775420e-02
0.06107761 0.50000000 -0.02618059 4.43291850e-02
0.06156297 0.50000000 -0.02625144 4.15091552e-02
0.06235992 0.50000000 -0.02636500 3.87297384e-02
0.06315800 0.50000000 -0.02647815 3.59737165e-02
0.06395752 0.50000000 -0.02658867 3.32811698e-02
0.06444087 0.50000000 -0.02665517 3.06169242e-02
0.06492272 0.50000000 -0.02672129 2.80669555e-02
0.06572305 0.50000000 -0.02682813 2.55903527e-02
0.06652321 0.50000000 -0.02693485 2.32278928e-02
0.06732457 0.50000000 -0.02703870 2.09003445e-02
0.06812594 0.50000000 -0.02714254 1.85720902e-02
0.06860734 0.50000000 -0.02720307 1.62395183e-02
0.06908770 0.50000000 -0.02726344 1.39005380e-02
0.06988934 0.50000000 -0.02736382 1.16381785e-02
0.07069266 0.50000000 -0.02746177 9.46550816e-03
0.07149641 0.50000000 -0.02755963 7.41388602e-03
0.07230079 0.50000000 -0.02765423 5.43181971e-03
0.07277903 0.50000000 -0.02771048 3.49915982e-03
0.07325590 0.50000000 -0.02776620 1.64539041e-03
0.07406115 0.50000000 -0.02785802 -1.50669875e-04
0.07486603 0.50000000 -0.02794980 -1.85931905e-03
0.07567210 0.50000000 -0.02803890 -3.55932233e-03
0.07647817 0.50000000 -0.02812799 -5.33631863e-03
0.07728563 0.50000000 -0.02821487 -7.26622855e-03
0.07776101 0.50000000 -0.02826578 -9.35698114e-03
0.07823640 0.50000000 -0.02831670 -1.15842046e-02
0.07904288 0.50000000 -0.02840066 -1.37967980e-02
0.07985050 0.50000000 -0.02848439 -1.59590933e-02
0.08065870 0.50000000 -0.02856608 -1.80071089e-02
0.08146716 0.50000000 -0.02864684 -1.99567713e-02
0.08227717 0.50000000 -0.02872624 -2.17976179e-02
0.08274943 0.50000000 -0.02877161 -2.35618725e-02
0.08322169 0.50000000 -0.02881697 -2.51303967e-02
0.08403055 0.50000000 -0.02889360 -2.64955629e-02
0.08484047 0.50000000 -0.02896889 -2.76310593e-02
0.08565072 0.50000000 -0.02904376 -2.86399014e-02
0.08646128 0.50000000 -0.02911660 -2.96990164e-02
0.08727184 0.50000000 -0.02918944 -3.09486669e-02
0.08774246 0.50000000 -0.02923030 -3.23797166e-02
0.08821185 0.50000000 -0.02927081 -3.39921787e-02
0.08902312 0.50000000 -0.02934082 -3.55971046e-02
0.08983433 0.50000000 -0.02940893 -3.71223763e-02
0.09064617 0.50000000 -0.02947658 -3.85474488e-02
0.09145870 0.50000000 -0.02954296 -3.99060771e-02
0.09227119 0.50000000 -0.02960791 -4.12925370e-02
0.09273866 0.50000000 -0.02964527 -4.27292399e-02
0.09320505 0.50000000 -0.02968184 -4.41941656e-02
0.09401807 0.50000000 -0.02974451 -4.55953740e-02
0.09483107 0.50000000 -0.02980718 -4.68556210e-02
0.09564416 0.50000000 -0.02986729 -4.79532927e-02
0.09645775 0.50000000 -0.02992734 -4.89790663e-02
0.09727198 0.50000000 -0.02998610 -5.00603951e-02
0.09808606 0.50000000 -0.03004394 -5.13270982e-02
0.09855076 0.50000000 -0.03007697 -5.27657159e-02
0.09901431 0.50000000 -0.03010900 -5.43197580e-02
0.09982893 0.50000000 -0.03016430 -5.57916462e-02
0.10064354 0.50000000 -0.03021961 -5.70385344e-02
0.10145816 0.50000000 -0.03027251 -5.79628125e-02
0.10227329 0.50000000 -0.03032532 -5.86090758e-02
0.10308901 0.50000000 -0.03037685 -5.91206141e-02
0.10390462 0.50000000 -0.03042719 -5.97064868e-02
0.10472121 0.50000000 -0.03047742 -6.05145544e-02
0.10518211 0.50000000 -0.03050471 -6.15398250e-02
0.10564302 0.50000000 -0.03053199 -6.27432391e-02
0.10645903 0.50000000 -0.03058031 -6.39018044e-02
0.10727479 0.50000000 -0.03062678 -6.48960322e-02
0.10809125 0.50000000 -0.03067267 -6.56551346e-02
0.10890795 0.50000000 -0.03071807 -6.62182272e-02
0.10972476 0.50000000 -0.03076203 -6.67479858e-02
0.11054157 0.50000000 -0.03080599 -6.74329624e-02
0.11135960 0.50000000 -0.03084822 -6.83976337e-02
0.11181778 0.50000000 -0.03087157 -6.96056560e-02
0.11227595 0.50000000 -0.03089491 -7.09661245e-02
0.11309257 0.50000000 -0.03093568 -7.22204447e-02
0.11391018 0.50000000 -0.03097503 -7.32322633e-02
0.11472780 0.50000000 -0.03101437 -7.39103109e-02
0.11554566 0.50000000 -0.03105189 -7.43089840e-02
0.11636364 0.50000000 -0.03108900 -7.46136382e-02
0.11718232 0.50000000 -0.03112556 -7.50425979e-02
0.11800066 0.50000000 -0.03116045 -7.57648349e-02
0.11845602 0.50000000 -0.03117986 -7.67503828e-02
0.11891137 0.50000000 -0.03119928 -7.79530704e-02
0.11972912 0.50000000 -0.03123270 -7.90983736e-02
0.12054773 0.50000000 -0.03126579 -8.00326020e-02
0.12136601 0.50000000 -0.03129837 -8.05981755e-02
0.12218500 0.50000000 -0.03132893 -8.07731375e-02
0.12300398 0.50000000 -0.03135949 -8.06629658e-02
0.12382332 0.50000000 -0.03138906 -8.04795176e-02
0.12464256 0.50000000 -0.03141789 -8.04738030e-02
0.12546179 0.50000000 -0.03144671 -8.08495730e-02
0.12628213 0.50000000 -0.03147361 -8.16935673e-02
0.12673401 0.50000000 -0.03148836 -8.28913599e-02
0.12718590 0.50000000 -0.03150310 -8.43167007e-02
0.12800492 0.50000000 -0.03152917 -8.56439471e-02
0.12882469 0.50000000 -0.03155421 -8.66941214e-02
0.12964443 0.50000000 -0.03157926 -8.73021707e-02
0.13046424 0.50000000 -0.03160260 -8.74355584e-02
0.13128430 0.50000000 -0.03162526 -8.72069001e-02
0.13210476 0.50000000 -0.03164789 -8.68291855e-02
0.13292504 0.50000000 -0.03166854 -8.65644142e-02
0.13374535 0.50000000 -0.03168918 -8.66408795e-02
0.13456644 0.50000000 -0.03170936 -8.71808529e-02
0.13501497 0.50000000 -0.03171976 -8.80877152e-02
0.13546348 0.50000000 -0.03173017 -8.92877355e-02
0.13628397 0.50000000 -0.03174921 -9.04639512e-02
0.13710404 0.50000000 -0.03176694 -9.14530084e-02
0.13792476 0.50000000 -0.03178404 -9.20872241e-02
0.13874547 0.50000000 -0.03180114 -9.22991857e-02
0.13956629 0.50000000 -0.03181647 -9.21433121e-02
0.14038721 0.50000000 -0.03183164 -9.17738378e-02
0.14120855 0.50000000 -0.03184654 -9.13426057e-02
0.14202967 0.50000000 -0.03185982 -9.11297500e-02
0.14285079 0.50000000 -0.03187311 -9.13092569e-02
0.14367280 0.50000000 -0.03188572 -9.19512659e-02
0.14411791 0.50000000 -0.03189190 -9.29381773e-02
0.14456302 0.50000000 -0.03189809 -9.41618457e-02
0.14538433 0.50000000 -0.03190949 -9.53198373e-02
0.14620515 0.50000000 -0.03191970 -9.62461457e-02
0.14702664 0.50000000 -0.03192927 -9.67913196e-02
0.14784812 0.50000000 -0.03193884 -9.69028622e-02
0.14866955 0.50000000 -0.03194691 -9.66348275e-02
0.14949121 0.50000000 -0.03195465 -9.61212665e-02
0.15031287 0.50000000 -0.03196240 -9.55422893e-02
0.15113490 0.50000000 -0.03196838 -9.50999856e-02
0.15195670 0.50000000 -0.03197432 -9.49843824e-02
0.15277901 0.50000000 -0.03198010 -9.53313559e-02
0.15360095 0.50000000 -0.03198462 -9.61702317e-02
0.15404291 0.50000000 -0.03198705 -9.73500460e-02
0.15448489 0.50000000 -0.03198948 -9.86927673e-02
0.15530608 0.50000000 -0.03199343 -9.98747349e-02
0.15612815 0.50000000 -0.03199619 -1.00708008e-01
0.15695022 0.50000000 -0.03199895 -1.01065055e-01
0.15777186 0.50000000 -0.03200083 -1.00952596e-01
0.15859408 0.50000000 -0.03200152 -1.00483023e-01
0.15941631 0.50000000 -0.03200220 -9.98067409e-02
0.16023854 0.50000000 -0.03200218 -9.90577638e-02
0.16106085 0.50000000 -0.03200150 -9.83230174e-02
0.16188318 0.50000000 -0.03200082 -9.76552069e-02
0.16270585 0.50000000 -0.03199914 -9.71051231e-02
0.16352828 0.50000000 -0.03199677 -9.67486799e-02
0.16435071 0.50000000 -0.03199439 -9.66927037e-02
0.16517383 0.50000000 -0.03199095 -9.70360115e-02
0.16599636 0.50000000 -0.03198690 -9.78152379e-02
0.16643435 0.50000000 -0.03198475 -9.89079177e-02
0.16687234 0.50000000 -0.03198259 -1.00192137e-01
0.16769421 0.50000000 -0.03197733 -1.01375930e-01
0.16851684 0.50000000 -0.03197163 -1.02296569e-01
0.16933947 0.50000000 -0.03196592 -1.02814145e-01
0.17016176 0.50000000 -0.03195899 -1.02903299e-01
0.17098447 0.50000000 -0.03195166 -1.02641553e-01
0.17180720 0.50000000 -0.03194432 -1.02155350e-01
0.17262987 0.50000000 -0.03193602 -1.01569332e-01
0.17345266 0.50000000 -0.03192740 -1.00965276e-01
0.17427544 0.50000000 -0.03191878 -1.00375928e-01
0.17509850 0.50000000 -0.03190873 -9.98048261e-02
0.17592137 0.50000000 -0.03189818 -9.92586464e-02
0.17674425 0.50000000 -0.03188763 -9.87881646e-02
0.17756751 0.50000000 -0.03187620 -9.84990299e-02
0.17839043 0.50000000 -0.03186440 -9.85295475e-02
0.17921335 0.50000000 -0.03185260 -9.89971906e-02
0.18003703 0.50000000 -0.03183976 -9.99250412e-02
0.18047058 0.50000000 -0.03183272 -1.01169944e-01
0.18090415 0.50000000 -0.03182567 -1.02536790e-01
0.18172714 0.50000000 -0.03181231 -1.03709288e-01
0.18254956 0.50000000 -0.03179795 -1.04485840e-01
0.18337260 0.50000000 -0.03178304 -1.04755297e-01
0.18419564 0.50000000 -0.03176813 -1.04542844e-01
0.18501836 0.50000000 -0.03175237 -1.03983842e-01
0.18584145 0.50000000 -0.03173592 -1.03255264e-01
0.18666454 0.50000000 -0.03171947 -1.02511138e-01
0.18748756 0.50000000 -0.03170248 -1.01846814e-01
0.18831069 0.50000000 -0.03168484 -1.01291671e-01
0.18913381 0.50000000 -0.03166721 -1.00828469e-01
0.18995710 0.50000000 -0.03164895 -1.00414090e-01
0.19078026 0.50000000 -0.03162949 -9.99945030e-02
0.19160344 0.50000000 -0.03161003 -9.95250940e-02
0.19242687 0.50000000 -0.03159032 -9.89827365e-02
0.19325007 0.50000000 -0.03156968 -9.83820632e-02
0.19407327 0.50000000 -0.03154905 -9.77982432e-02
0.19489700 0.50000000 -0.03152832 -9.73675698e-02
0.19572021 0.50000000 -0.03150621 -9.72574130e-02
0.19654343 0.50000000 -0.03148411 -9.76118147e-02
0.19736666 0.50000000 -0.03146201 -9.84731838e-02
0.19779596 0.50000000 -0.03145001 -9.96902883e-02
0.19822471 0.50000000 -0.03143790 -1.01079606e-01
0.19904795 0.50000000 -0.03141465 -1.02297537e-01
0.19987119 0.50000000 -0.03139140 -1.03138499e-01
0.20069391 0.50000000 -0.03136708 -1.03468679e-01
0.20151716 0.50000000 -0.03134239 -1.03301980e-01
0.20234042 0.50000000 -0.03131770 -1.02762453e-01
0.20316333 0.50000000 -0.03129223 -1.02023192e-01
0.20398659 0.50000000 -0.03126611 -1.01238362e-01
0.20480986 0.50000000 -0.03123998 -1.00508869e-01
0.20563297 0.50000000 -0.03121339 -9.98784453e-02
0.20645624 0.50000000 -0.03118585 -9.93481502e-02
0.20727951 0.50000000 -0.03115830 -9.89032760e-02
0.20810278 0.50000000 -0.03113064 -9.85263214e-02
0.20892605 0.50000000 -0.03110199 -9.82017443e-02
0.20974933 0.50000000 -0.03107333 -9.79183987e-02
0.21057261 0.50000000 -0.03104468 -9.76637229e-02
0.21139603 0.50000000 -0.03101484 -9.74217132e-02
0.21221931 0.50000000 -0.03098480 -9.71690565e-02
0.21304258 0.50000000 -0.03095476 -9.68787819e-02
0.21386615 0.50000000 -0.03092389 -9.65211168e-02
0.21468942 0.50000000 -0.03089246 -9.60671082e-02
0.21551269 0.50000000 -0.03086103 -9.55066830e-02
0.21633630 0.50000000 -0.03082925 -9.48669985e-02
0.21715955 0.50000000 -0.03079675 -9.42302793e-02
0.21798280 0.50000000 -0.03076426 -9.37447399e-02
0.21880663 0.50000000 -0.03073171 -9.35949981e-02
0.21962988 0.50000000 -0.03069787 -9.39361751e-02
0.22045313 0.50000000 -0.03066402 -9.48183537e-02
0.22087657 0.50000000 -0.03064661 -9.60823446e-02
0.22130003 0.50000000 -0.03062920 -9.75218937e-02
0.22212274 0.50000000 -0.03059458 -9.87554640e-02
0.22294597 0.50000000 -0.03055968 -9.95459557e-02
0.22376920 0.50000000 -0.03052478 -9.97382402e-02
0.22459189 0.50000000 -0.03048933 -9.93475765e-02
0.22541510 0.50000000 -0.03045309 -9.85291302e-02
0.22623832 0.50000000 -0.03041684 -9.75001827e-02
0.22706112 0.50000000 -0.03038050 -9.64617804e-02
0.22788430 0.50000000 -0.03034294 -9.55447257e-02
0.22870748 0.50000000 -0.03030537 -9.48042274e-02
0.22953066 0.50000000 -0.03026781 -9.42356512e-02
0.23035360 0.50000000 -0.03022949 -9.38042551e-02
0.23117675 0.50000000 -0.03019089 -9.34668481e-02
0.23199990 0.50000000 -0.03015229 -9.31887925e-02
0.23282291 0.50000000 -0.03011333 -9.29464102e-02
0.23364604 0.50000000 -0.03007373 -9.27242711e-02
0.23446917 0.50000000 -0.03003412 -9.25138965e-02
0.23529231 0.50000000 -0.02999451 -9.23082456e-02
0.23611530 0.50000000 -0.02995363 -9.21006352e-02
0.23693840 0.50000000 -0.02991271 -9.18825790e-02
0.23776149 0.50000000 -0.02987179 -9.16478559e-02
0.23858456 0.50000000 -0.02983030 -9.13923383e-02
0.23940763 0.50000000 -0.02978838 -9.11136717e-02
0.24023069 0.50000000 -0.02974647 -9.08138529e-02
0.24105383 0.50000000 -0.02970434 -9.04976502e-02
0.24187685 0.50000000 -0.02966114 -9.01694298e-02
0.24269987 0.50000000 -0.02961795 -8.98357779e-02
0.24352290 0.50000000 -0.02957476 -8.95019025e-02
0.24434601 0.50000000 -0.02953082 -8.91721547e-02
0.24516899 0.50000000 -0.02948663 -8.88479874e-02
0.24599198 0.50000000 -0.02944244 -8.85312855e-02
0.24681512 0.50000000 -0.02939796 -8.82229283e-02
0.24763807 0.50000000 -0.02935280 -8.79210979e-02
0.24846102 0.50000000 -0.02930764 -8.76235515e-02
0.24928397 0.50000000 -0.02926248 -8.73256847e-02
0.25010717 0.50000000 -0.02921624 -8.70225281e-02
0.25093006 0.50000000 -0.02916982 -8.67082551e-02
0.25175295 0.50000000 -0.02912340 -8.63817781e-02
0.25257611 0.50000000 -0.02907660 -8.60457346e-02
0.25339896 0.50000000 -0.02902921 -8.57042968e-02
0.25422182 0.50000000 -0.02898182 -8.53641033e-02
0.25504467 0.50000000 -0.02893443 -8.50299075e-02
0.25586779 0.50000000 -0.02888616 -8.47042426e-02
0.25669057 0.50000000 -0.02883781 -8.43854621e-02
0.25751339 0.50000000 -0.02878946 -8.40717852e-02
0.25833653 0.50000000 -0.02874071 -8.37607384e-02
0.25915928 0.50000000 -0.02869141 -8.34480226e-02
0.25998206 0.50000000 -0.02864210 -8.31300840e-02
0.26080481 0.50000000 -0.02859280 -8.28019977e-02
0.26162798 0.50000000 -0.02854237 -8.24592263e-02
0.26245071 0.50000000 -0.02849183 -8.20963010e-02
0.26327340 0.50000000 -0.02844130 -8.17124695e-02
0.26409645 0.50000000 -0.02839040 -8.13139007e-02
0.26491911 0.50000000 -0.02833893 -8.08984116e-02
0.26574177 0.50000000 -0.02828746 -8.04675072e-02
0.26656442 0.50000000 -0.02823600 -8.00157413e-02
0.26738744 0.50000000 -0.02818371 -7.95291662e-02
0.26821003 0.50000000 -0.02813129 -7.89830759e-02
0.26903262 0.50000000 -0.02807888 -7.83541053e-02
0.26985564 0.50000000 -0.02802617 -7.76348561e-02
0.27067819 0.50000000 -0.02797283 -7.68550560e-02
0.27150072 0.50000000 -0.02791949 -7.61098415e-02
0.27232328 0.50000000 -0.02786615 -7.55602792e-02
0.27314620 0.50000000 -0.02781212 -7.54030645e-02
0.27396869 0.50000000 -0.02775786 -7.57979229e-02
0.27479118 0.50000000 -0.02770361 -7.67848790e-02
0.27520404 0.50000000 -0.02767637 -7.81819597e-02
0.27561643 0.50000000 -0.02764902 -7.97435790e-02
0.27643886 0.50000000 -0.02759382 -8.10559169e-02
0.27726128 0.50000000 -0.02753863 -8.18489715e-02
0.27808371 0.50000000 -0.02748342 -8.19595084e-02
0.27890549 0.50000000 -0.02742760 -8.14156830e-02
0.27972786 0.50000000 -0.02737122 -8.04037824e-02
0.28055021 0.50000000 -0.02731484 -7.91804493e-02
0.28137255 0.50000000 -0.02725847 -7.79813155e-02
0.28219452 0.50000000 -0.02720147 -7.69605488e-02
0.28301685 0.50000000 -0.02714444 -7.61742815e-02
0.28383915 0.50000000 -0.02708740 -7.56036043e-02
0.28466101 0.50000000 -0.02703008 -7.51874372e-02
0.28548324 0.50000000 -0.02697216 -7.48520419e-02
0.28630548 0.50000000 -0.02691423 -7.45353997e-02
0.28712771 0.50000000 -0.02685631 -7.41975159e-02
0.28794932 0.50000000 -0.02679756 -7.38280416e-02
0.28877147 0.50000000 -0.02673844 -7.34450743e-02
0.28959362 0.50000000 -0.02667932 -7.30903745e-02
0.29041547 0.50000000 -0.02662017 -7.28088617e-02
0.29123758 0.50000000 -0.02656045 -7.26237073e-02
0.29205969 0.50000000 -0.02650073 -7.25178644e-02
0.29288180 0.50000000 -0.02644101 -7.24311694e-02
0.29329399 0.50000000 -0.02641107 -7.23175034e-02
0.29370659 0.50000000 -0.02638069 -7.20563307e-02
0.29452860 0.50000000 -0.02632004 -7.16440380e-02
0.29535065 0.50000000 -0.02625939 -7.10517466e-02
0.29617269 0.50000000 -0.02619874 -7.03362450e-02
0.29699510 0.50000000 -0.02613736 -6.95770308e-02
0.29781706 0.50000000 -0.02607584 -6.88416585e-02
0.29863904 0.50000000 -0.02601430 -6.81744367e-02
0.29946140 0.50000000 -0.02595264 -6.75904900e-02
0.30028332 0.50000000 -0.02589023 -6.70823529e-02
0.30110521 0.50000000 -0.02582782 -6.66367263e-02
0.30192710 0.50000000 -0.02576541 -6.62386641e-02
0.30274927 0.50000000 -0.02570271 -6.58756346e-02
0.30357112 0.50000000 -0.02563966 -6.55350611e-02
0.30439297 0.50000000 -0.02557661 -6.52057678e-02
0.30521481 0.50000000 -0.02551355 -6.48760647e-02
0.30603705 0.50000000 -0.02544963 -6.45364001e-02
0.30685879 0.50000000 -0.02538545 -6.41787350e-02
0.30768055 0.50000000 -0.02532127 -6.38022274e-02
0.30850256 0.50000000 -0.02525705 -6.34107664e-02
0.30932425 0.50000000 -0.02519222 -6.30102083e-02
0.31014594 0.50000000 -0.02512740 -6.26082122e-02
0.31096763 0.50000000 -0.02506258 -6.22102469e-02
0.31178961 0.50000000 -0.02499747 -6.18194006e-02
0.31261121 0.50000000 -0.02493180 -6.14343807e-02
0.31343284 0.50000000 -0.02486613 -6.10541590e-02
0.31425445 0.50000000 -0.02480045 -6.06771186e-02
0.31507631 0.50000000 -0.02473424 -6.03032261e-02
0.31589785 0.50000000 -0.02466767 -5.99318966e-02
0.31671939 0.50000000 -0.02460110 -5.95649220e-02
0.31754090 0.50000000 -0.02453453 -5.92030808e-02
0.31836256 0.50000000 -0.02446745 -5.88461980e-02
0.31918406 0.50000000 -0.02440028 -5.84912635e-02
0.32000553 0.50000000 -0.02433311 -5.81353530e-02
0.32082720 0.50000000 -0.02426586 -5.77757172e-02
0.32164861 0.50000000 -0.02419780 -5.74088097e-02
0.32247001 0.50000000 -0.02412975 -5.70343472e-02
0.32329139 0.50000000 -0.02406170 -5.66527992e-02
0.32411293 0.50000000 -0.02399336 -5.62659800e-02
0.32493424 0.50000000 -0.02392443 -5.58737181e-02
0.32575556 0.50000000 -0.02385550 -5.54770827e-02
0.32657688 0.50000000 -0.02378657 -5.50754704e-02
0.32739823 0.50000000 -0.02371731 -5.46677932e-02
0.32821947 0.50000000 -0.02364779 -5.42514212e-02
0.32904075 0.50000000 -0.02357827 -5.38259037e-02
0.32986199 0.50000000 -0.02350876 -5.33924177e-02
0.33068325 0.50000000 -0.02343857 -5.29552959e-02
0.33150440 0.50000000 -0.02336818 -5.25190122e-02
0.33232559 0.50000000 -0.02329780 -5.20897247e-02
0.33314674 0.50000000 -0.02322742 -5.16703650e-02
0.33396786 0.50000000 -0.02315644 -5.12598157e-02
0.33478897 0.50000000 -0.02308545 -5.08515090e-02
0.33561008 0.50000000 -0.02301446 -5.04380874e-02
0.33643109 0.50000000 -0.02294328 -5.00144735e-02
0.33725209 0.50000000 -0.02287115 -4.95786406e-02
0.33807307 0.50000000 -0.02279902 -4.91373539e-02
0.33889407 0.50000000 -0.02272689 -4.87016067e-02
0.33971500 0.50000000 -0.02265465 -4.82836962e-02
0.34053595 0.50000000 -0.02258220 -4.78921793e-02
0.34135690 0.50000000 -0.02250976 -4.75302152e-02
0.34217786 0.50000000 -0.02243732 -4.71943617e-02
0.34299860 0.50000000 -0.02236442 -4.68770526e-02
0.34381946 0.50000000 -0.02229110 -4.65672873e-02
0.34464031 0.50000000 -0.02221778 -4.62558605e-02
0.34546117 0.50000000 -0.02214446 -4.59340662e-02
0.34628172 0.50000000 -0.02207055 -4.55941893e-02
0.34710249 0.50000000 -0.02199636 -4.52271923e-02
0.34792326 0.50000000 -0.02192217 -4.48272824e-02
0.34874403 0.50000000 -0.02184799 -4.43947837e-02
0.34956453 0.50000000 -0.02177331 -4.39436436e-02
0.35038523 0.50000000 -0.02169854 -4.35044132e-02
0.35120592 0.50000000 -0.02162377 -4.31215428e-02
0.35202638 0.50000000 -0.02154901 -4.28362675e-02
0.35284701 0.50000000 -0.02147363 -4.26627509e-02
0.35366764 0.50000000 -0.02139825 -4.25712392e-02
0.35448826 0.50000000 -0.02132287 -4.24872562e-02
0.35490752 0.50000000 -0.02128436 -4.23604958e-02
0.35532719 0.50000000 -0.02124566 -4.20529321e-02
0.35614770 0.50000000 -0.02116943 -4.15684544e-02
0.35696824 0.50000000 -0.02109319 -4.08761315e-02
0.35778877 0.50000000 -0.02101695 -4.00458761e-02
0.35860953 0.50000000 -0.02094051 -3.91725339e-02
0.35943000 0.50000000 -0.02086367 -3.83371375e-02
0.36025046 0.50000000 -0.02078683 -3.75907086e-02
0.36107090 0.50000000 -0.02071000 -3.69474068e-02
0.36189160 0.50000000 -0.02063277 -3.63968983e-02
0.36271195 0.50000000 -0.02055509 -3.59153449e-02
0.36353232 0.50000000 -0.02047740 -3.54817435e-02
0.36435267 0.50000000 -0.02039971 -3.50785181e-02
0.36517309 0.50000000 -0.02032182 -3.46919596e-02
0.36599341 0.50000000 -0.02024377 -3.43084373e-02
0.36681373 0.50000000 -0.02016571 -3.39148417e-02
0.36763405 0.50000000 -0.02008766 -3.34985219e-02
0.36845441 0.50000000 -0.02000891 -3.30516249e-02
0.36927459 0.50000000 -0.01992978 -3.25710513e-02
0.37009478 0.50000000 -0.01985066 -3.20649333e-02
0.37091496 0.50000000 -0.01977154 -3.15476768e-02
0.37173513 0.50000000 -0.01969213 -3.10369078e-02
0.37255525 0.50000000 -0.01961262 -3.05472854e-02
0.37337541 0.50000000 -0.01953311 -3.00883166e-02
0.37419554 0.50000000 -0.01945360 -2.96615902e-02
0.37501553 0.50000000 -0.01937341 -2.92624794e-02
0.37583554 0.50000000 -0.01929307 -2.88801957e-02
0.37665558 0.50000000 -0.01921272 -2.85036359e-02
0.37747562 0.50000000 -0.01913238 -2.81211734e-02
0.37829540 0.50000000 -0.01905127 -2.77235527e-02
0.37911532 0.50000000 -0.01897007 -2.73041073e-02
0.37993524 0.50000000 -0.01888887 -2.68655755e-02
0.38075516 0.50000000 -0.01880766 -2.64170431e-02
0.38157494 0.50000000 -0.01872615 -2.59871092e-02
0.38239483 0.50000000 -0.01864462 -2.56084614e-02
0.38321470 0.50000000 -0.01856309 -2.53107827e-02
0.38403421 0.50000000 -0.01848157 -2.51015630e-02
0.38485399 0.50000000 -0.01839915 -2.49494985e-02
0.38567376 0.50000000 -0.01831675 -2.47872118e-02
0.38609610 0.50000000 -0.01827429 -2.45740395e-02
0.38651843 0.50000000 -0.01823183 -2.41839196e-02
0.38733847 0.50000000 -0.01814933 -2.36299224e-02
0.38815814 0.50000000 -0.01806632 -2.28831135e-02
0.38897785 0.50000000 -0.01798332 -2.20127627e-02
0.38979752 0.50000000 -0.01790031 -2.11087838e-02
0.39061742 0.50000000 -0.01781718 -2.02502571e-02
0.39143703 0.50000000 -0.01773355 -1.94805320e-02
0.39225663 0.50000000 -0.01764992 -1.88094415e-02
0.39307623 0.50000000 -0.01756629 -1.82191879e-02
0.39389599 0.50000000 -0.01748247 -1.76809449e-02
0.39471548 0.50000000 -0.01739802 -1.71639938e-02
0.39553496 0.50000000 -0.01731358 -1.66486092e-02
0.39635448 0.50000000 -0.01722913 -1.61247961e-02
0.39717398 0.50000000 -0.01714459 -1.55923655e-02
0.39799341 0.50000000 -0.01705975 -1.50562897e-02
0.39881287 0.50000000 -0.01697491 -1.45250512e-02
0.39963229 0.50000000 -0.01689007 -1.40056089e-02
0.40045168 0.50000000 -0.01680501 -1.35018043e-02
0.40127098 0.50000000 -0.01671933 -1.30102029e-02
0.40209032 0.50000000 -0.01663365 -1.25239808e-02
0.40290963 0.50000000 -0.01654798 -1.20317061e-02
0.40372877 0.50000000 -0.01646207 -1.15225008e-02
0.40454799 0.50000000 -0.01637556 -1.09900041e-02
0.40536719 0.50000000 -0.01628905 -1.04436986e-02
0.40618640 0.50000000 -0.01620254 -9.91087128e-03
0.40700547 0.50000000 -0.01611593 -9.43342131e-03
0.40782460 0.50000000 -0.01602903 -9.05146636e-03
0.40864377 0.50000000 -0.01594213 -8.78203381e-03
0.40946293 0.50000000 -0.01585523 -8.59942939e-03
0.41028175 0.50000000 -0.01576817 -8.43451731e-03
0.41070630 0.50000000 -0.01572282 -8.23573768e-03
0.41113082 0.50000000 -0.01567746 -7.86805246e-03
0.41194988 0.50000000 -0.01558995 -7.32994406e-03
0.41276894 0.50000000 -0.01550245 -6.58679521e-03
0.41358831 0.50000000 -0.01541461 -5.70271397e-03
0.41440725 0.50000000 -0.01532625 -4.76225512e-03
0.41522619 0.50000000 -0.01523789 -3.84558528e-03
0.41604514 0.50000000 -0.01514953 -3.00049595e-03
0.41686418 0.50000000 -0.01506094 -2.24045571e-03
0.41768305 0.50000000 -0.01497195 -1.55045115e-03
0.41850189 0.50000000 -0.01488296 -9.06902773e-04
0.41932072 0.50000000 -0.01479397 -2.86261231e-04
0.42013961 0.50000000 -0.01470477 3.26675858e-04
0.42095837 0.50000000 -0.01461518 9.40140337e-04
0.42177711 0.50000000 -0.01452559 1.55383151e-03
0.42259587 0.50000000 -0.01443600 2.16548331e-03
0.42341453 0.50000000 -0.01434616 2.77293311e-03
0.42423318 0.50000000 -0.01425572 3.37912631e-03
0.42505180 0.50000000 -0.01416529 3.98614677e-03
0.42587044 0.50000000 -0.01407485 4.59420448e-03
0.42668893 0.50000000 -0.01398431 5.19432081e-03
0.42750752 0.50000000 -0.01389347 5.76537056e-03
0.42832608 0.50000000 -0.01380263 6.27474347e-03
0.42914467 0.50000000 -0.01371178 6.69250917e-03
0.42996286 0.50000000 -0.01362076 7.01015163e-03
0.43078130 0.50000000 -0.01352908 7.25935260e-03
0.43159974 0.50000000 -0.01343740 7.50935217e-03
0.43202606 0.50000000 -0.01338965 7.80496467e-03
0.43245236 0.50000000 -0.01334189 8.27835035e-03
0.43327105 0.50000000 -0.01325001 8.92214477e-03
0.43408939 0.50000000 -0.01315771 9.77094099e-03
0.43490773 0.50000000 -0.01306541 1.07589131e-02
0.43572610 0.50000000 -0.01297311 1.17984545e-02
0.43654457 0.50000000 -0.01288065 1.28115807e-02
0.43736281 0.50000000 -0.01278773 1.37553513e-02
0.43818107 0.50000000 -0.01269480 1.46179507e-02
0.43899930 0.50000000 -0.01260189 1.54128317e-02
0.43981759 0.50000000 -0.01250884 1.61622241e-02
0.44063575 0.50000000 -0.01241528 1.68896113e-02
0.44145388 0.50000000 -0.01232171 1.76096335e-02
0.44227204 0.50000000 -0.01222814 1.83313582e-02
0.44309007 0.50000000 -0.01213448 1.90571267e-02
0.44390808 0.50000000 -0.01204006 1.97855048e-02
0.44472609 0.50000000 -0.01194563 2.05026716e-02
0.44554410 0.50000000 -0.01185121 2.11847946e-02
0.44636202 0.50000000 -0.01175677 2.18007714e-02
0.44717994 0.50000000 -0.01166197 2.23259181e-02
0.44799790 0.50000000 -0.01156718 2.27573402e-02
0.44881585 0.50000000 -0.01147238 2.31289454e-02
0.44963339 0.50000000 -0.01137763 2.35089008e-02
0.45006137 0.50000000 -0.01132754 2.39403509e-02
0.45048939 0.50000000 -0.01127746 2.45474055e-02
0.45130719 0.50000000 -0.01118175 2.53184531e-02
0.45212499 0.50000000 -0.01108604 2.62820329e-02
0.45294279 0.50000000 -0.01099034 2.73731761e-02
0.45376069 0.50000000 -0.01089400 2.85056457e-02
0.45457839 0.50000000 -0.01079769 2.96090804e-02
0.45539609 0.50000000 -0.01070137 3.06407698e-02
0.45621379 0.50000000 -0.01060505 3.15929167e-02
0.45703147 0.50000000 -0.01050814 3.24797668e-02
0.45784907 0.50000000 -0.01041119 3.33276652e-02
0.45866666 0.50000000 -0.01031424 3.41583416e-02
0.45948425 0.50000000 -0.01021728 3.49882990e-02
0.46030171 0.50000000 -0.01011959 3.58252935e-02
0.46111915 0.50000000 -0.01002176 3.66721563e-02
0.46193659 0.50000000 -0.00992393 3.75175439e-02
0.46275404 0.50000000 -0.00982611 3.83392535e-02
0.46357124 0.50000000 -0.00972781 3.91055606e-02
0.46438858 0.50000000 -0.00962935 3.97895724e-02
0.46520592 0.50000000 -0.00953088 4.03819531e-02
0.46602325 0.50000000 -0.00943242 4.09089513e-02
0.46684021 0.50000000 -0.00933356 4.14323360e-02
0.46726963 0.50000000 -0.00928149 4.19955626e-02
0.46769903 0.50000000 -0.00922942 4.27208059e-02
0.46851627 0.50000000 -0.00913033 4.36064526e-02
0.46933350 0.50000000 -0.00903123 4.46859561e-02
0.47015088 0.50000000 -0.00893168 4.59013544e-02
0.47096798 0.50000000 -0.00883193 4.71770205e-02
0.47178511 0.50000000 -0.00873217 4.84408326e-02
0.47260221 0.50000000 -0.00863242 4.96501252e-02
0.47341934 0.50000000 -0.00853228 5.07923402e-02
0.47423634 0.50000000 -0.00843187 5.18817715e-02
0.47505333 0.50000000 -0.00833145 5.29387519e-02
0.47587035 0.50000000 -0.00823103 5.39838634e-02
0.47668720 0.50000000 -0.00813023 5.50269932e-02
0.47750404 0.50000000 -0.00802894 5.60677722e-02
0.47832089 0.50000000 -0.00792766 5.70846722e-02
0.47913773 0.50000000 -0.00782638 5.80452681e-02
0.47995432 0.50000000 -0.00772488 5.89167550e-02
0.48077105 0.50000000 -0.00762294 5.96894920e-02
0.48158776 0.50000000 -0.00752100 6.03881143e-02
0.48240450 0.50000000 -0.00741907 6.10786118e-02
0.48283507 0.50000000 -0.00736533 6.18069768e-02
0.48326606 0.50000000 -0.00731123 6.27059415e-02
0.48408261 0.50000000 -0.00720836 6.37838692e-02
0.48489916 0.50000000 -0.00710550 6.50806651e-02
0.48571571 0.50000000 -0.00700264 6.65414706e-02
0.48653241 0.50000000 -0.00689962 6.80837631e-02
0.48734886 0.50000000 -0.00679613 6.96362853e-02
0.48816531 0.50000000 -0.00669265 7.11494237e-02
0.48898173 0.50000000 -0.00658916 7.26054758e-02
0.48979817 0.50000000 -0.00648560 7.40048736e-02
0.49061449 0.50000000 -0.00638146 7.53569827e-02
0.49143083 0.50000000 -0.00627732 7.66587332e-02
0.49224715 0.50000000 -0.00617319 7.79181197e-02
0.49306331 0.50000000 -0.00606906 7.90932178e-02
0.49387952 0.50000000 -0.00596424 8.01747665e-02
0.49469570 0.50000000 -0.00585942 8.11723694e-02
0.49551190 0.50000000 -0.00575460 8.21297765e-02
0.49632808 0.50000000 -0.00564978 8.31193700e-02
0.49675981 0.50000000 -0.00559394 8.41733143e-02
0.49719195 0.50000000 -0.00553794 8.54177177e-02
0.49800798 0.50000000 -0.00543220 8.68323073e-02
0.49882400 0.50000000 -0.00532646 8.84510055e-02
0.49964000 0.50000000 -0.00522072 9.02169272e-02
0.50045617 0.50000000 -0.00511420 9.20521468e-02
0.50127201 0.50000000 -0.00500758 9.38968286e-02
0.50208786 0.50000000 -0.00490095 9.57086831e-02
0.50290370 0.50000000 -0.00479432 9.74773467e-02
0.50371952 0.50000000 -0.00468737 9.92114171e-02
0.50453527 0.50000000 -0.00458031 1.00929931e-01
0.50535108 0.50000000 -0.00447324 1.02640994e-01
0.50616683 0.50000000 -0.00436617 1.04338244e-01
0.50698224 0.50000000 -0.00425844 1.05995476e-01
0.50779779 0.50000000 -0.00415021 1.07589565e-01
0.50861334 0.50000000 -0.00404199 1.09099723e-01
0.50942883 0.50000000 -0.00393377 1.10539936e-01
0.51024413 0.50000000 -0.00382537 1.11962557e-01
0.51067746 0.50000000 -0.00376763 1.13413282e-01
0.51111080 0.50000000 -0.00370988 1.15023203e-01
0.51192620 0.50000000 -0.00360123 1.16813019e-01
0.51274166 0.50000000 -0.00349256 1.18840091e-01
0.51355738 0.50000000 -0.00338337 1.21067122e-01
0.51437258 0.50000000 -0.00327356 1.23442411e-01
0.51518784 0.50000000 -0.00316374 1.25897721e-01
0.51600304 0.50000000 -0.00305393 1.28385723e-01
0.51681823 0.50000000 -0.00294392 1.30875289e-01
0.51763332 0.50000000 -0.00283343 1.33354351e-01
0.51844842 0.50000000 -0.00272294 1.35801732e-01
0.51926351 0.50000000 -0.00261246 1.38195425e-01
0.52007842 0.50000000 -0.00250187 1.40514925e-01
0.52089334 0.50000000 -0.00239068 1.42769560e-01
0.52170833 0.50000000 -0.00227948 1.44995972e-01
0.52252325 0.50000000 -0.00216829 1.47273436e-01
0.52295756 0.50000000 -0.00210903 1.49640054e-01
0.52339233 0.50000000 -0.00204960 1.52275577e-01
0.52420713 0.50000000 -0.00193746 1.55220777e-01
0.52502187 0.50000000 -0.00182533 1.58621475e-01
0.52583660 0.50000000 -0.00171319 1.62546605e-01
0.52665134 0.50000000 -0.00160105 1.67059109e-01
0.52746614 0.50000000 -0.00148800 1.72183946e-01
0.52828070 0.50000000 -0.00137495 1.77861676e-01
0.52909525 0.50000000 -0.00126191 1.83793828e-01
0.52990981 0.50000000 -0.00114886 1.89385384e-01
0.53072420 0.50000000 -0.00103522 1.93747997e-01
0.53153859 0.50000000 -0.00092147 1.95961893e-01
0.53235304 0.50000000 -0.00080772 1.95310831e-01
0.53316743 0.50000000 -0.00069397 1.91655651e-01
0.53339962 0.50000000 -0.00051977 1.42712280e-01
0.53339961 0.50000000 0.00030250 1.39289781e-01
0.53309515 0.50000000 0.00072499 1.69910863e-01
0.53229650 0.50000000 0.00083654 1.69370994e-01
0.53149784 0.50000000 0.00094810 1.67639539e-01
0.53101398 0.50000000 0.00101568 1.64991990e-01
0.53053012 0.50000000 0.00108326 1.61533192e-01
0.52973148 0.50000000 0.00119454 1.57909974e-01
0.52893258 0.50000000 0.00130541 1.54263616e-01
0.52813367 0.50000000 0.00141628 1.50831506e-01
0.52765008 0.50000000 0.00148340 1.47616208e-01
0.52716643 0.50000000 0.00155052 1.44616142e-01
0.52636773 0.50000000 0.00166102 1.41681239e-01
0.52556847 0.50000000 0.00177102 1.38779759e-01
0.52476926 0.50000000 0.00188102 1.35889396e-01
0.52397006 0.50000000 0.00199102 1.33020684e-01
0.52348669 0.50000000 0.00205754 1.30181014e-01
0.52300371 0.50000000 0.00212367 1.27413154e-01
0.52220415 0.50000000 0.00223276 1.24695979e-01
0.52140459 0.50000000 0.00234185 1.22052550e-01
0.52060504 0.50000000 0.00245094 1.19477242e-01
0.51980518 0.50000000 0.00255995 1.16960295e-01
0.51932237 0.50000000 0.00262541 1.14469178e-01
0.51883955 0.50000000 0.00269086 1.11979358e-01
0.51803974 0.50000000 0.00279927 1.09474704e-01
0.51723993 0.50000000 0.00290768 1.06961034e-01
0.51644001 0.50000000 0.00301601 1.04468845e-01
0.51564001 0.50000000 0.00312377 1.02017753e-01
0.51515734 0.50000000 0.00318878 9.96107161e-02
0.51467473 0.50000000 0.00325379 9.72507820e-02
0.51387473 0.50000000 0.00336156 9.49082449e-02
0.51307462 0.50000000 0.00346913 9.25936028e-02
0.51227422 0.50000000 0.00357579 9.02958065e-02
0.51147382 0.50000000 0.00368244 8.80246088e-02
0.51099150 0.50000000 0.00374670 8.57715309e-02
0.51050924 0.50000000 0.00381096 8.35104212e-02
0.50970891 0.50000000 0.00391754 8.12228918e-02
0.50890836 0.50000000 0.00402377 7.88975060e-02
0.50810780 0.50000000 0.00413000 7.65554383e-02
0.50730725 0.50000000 0.00423623 7.42257684e-02
0.50682513 0.50000000 0.00430022 7.19195008e-02
0.50634327 0.50000000 0.00436394 6.96634427e-02
0.50554238 0.50000000 0.00446906 6.74314871e-02
0.50474143 0.50000000 0.00457418 6.52389377e-02
0.50394053 0.50000000 0.00467930 6.30832612e-02
0.50345877 0.50000000 0.00474253 6.09534308e-02
0.50297719 0.50000000 0.00480565 5.88456243e-02
0.50217609 0.50000000 0.00491034 5.67404330e-02
0.50137504 0.50000000 0.00501504 5.46444058e-02
0.50057394 0.50000000 0.00511973 5.25689758e-02
0.49977260 0.50000000 0.00522447 5.05323075e-02
0.49929125 0.50000000 0.00528684 4.85237241e-02
0.49880987 0.50000000 0.00534921 4.65464778e-02
0.49800853 0.50000000 0.00545306 4.45764884e-02
0.49720716 0.50000000 0.00555690 4.26139720e-02
0.49640567 0.50000000 0.00566075 4.06676680e-02
0.49560400 0.50000000 0.00576370 3.87412496e-02
0.49512293 0.50000000 0.00582548 3.68372649e-02
0.49464190 0.50000000 0.00588726 3.49536948e-02
0.49384023 0.50000000 0.00599021 3.30705494e-02
0.49303859 0.50000000 0.00609314 3.11884265e-02
0.49223673 0.50000000 0.00619544 2.93062460e-02
0.49143484 0.50000000 0.00629774 2.74357088e-02
0.49095399 0.50000000 0.00635908 2.55774315e-02
0.49047316 0.50000000 0.00642042 2.37229914e-02
0.48967145 0.50000000 0.00652267 2.18585581e-02
0.48886934 0.50000000 0.00662434 1.99749284e-02
0.48806725 0.50000000 0.00672601 1.80843063e-02
0.48726516 0.50000000 0.00682768 1.62048303e-02
0.48678452 0.50000000 0.00688860 1.43428761e-02
0.48630417 0.50000000 0.00694944 1.25134150e-02
0.48550189 0.50000000 0.00705051 1.07049169e-02
0.48469958 0.50000000 0.00715157 8.93648341e-03
0.48389729 0.50000000 0.00725264 7.22629530e-03
0.48309498 0.50000000 0.00735370 5.58852265e-03
0.48261457 0.50000000 0.00741377 4.01029829e-03
0.48213444 0.50000000 0.00747370 2.46194098e-03
0.48133186 0.50000000 0.00757387 8.91241187e-04
0.48052928 0.50000000 0.00767405 -7.25199585e-04
0.47972668 0.50000000 0.00777422 -2.39007897e-03
0.47892381 0.50000000 0.00787383 -4.07726737e-03
0.47812103 0.50000000 0.00797337 -5.76403551e-03
0.47764111 0.50000000 0.00803287 -7.43788155e-03
0.47716119 0.50000000 0.00809238 -9.10377596e-03
0.47635839 0.50000000 0.00819192 -1.07769193e-02
0.47555543 0.50000000 0.00829067 -1.24508515e-02
0.47475236 0.50000000 0.00838937 -1.41180074e-02
0.47394928 0.50000000 0.00848808 -1.57564133e-02
0.47346964 0.50000000 0.00854703 -1.73674766e-02
0.47299000 0.50000000 0.00860598 -1.89586114e-02
0.47218694 0.50000000 0.00870404 -2.05481947e-02
0.47138367 0.50000000 0.00880211 -2.21413169e-02
0.47058040 0.50000000 0.00890017 -2.37265713e-02
0.46977710 0.50000000 0.00899824 -2.52990164e-02
0.46929763 0.50000000 0.00905651 -2.68615093e-02
0.46881843 0.50000000 0.00911462 -2.84621213e-02
0.46801494 0.50000000 0.00921205 -3.01197227e-02
0.46721145 0.50000000 0.00930947 -3.18465717e-02
0.46640798 0.50000000 0.00940691 -3.36118266e-02
0.46560417 0.50000000 0.00950384 -3.53654325e-02
0.46512518 0.50000000 0.00956154 -3.70909236e-02
0.46464619 0.50000000 0.00961924 -3.87525447e-02
0.46384250 0.50000000 0.00971606 -4.03707847e-02
0.46303881 0.50000000 0.00981287 -4.19318974e-02
0.46223495 0.50000000 0.00990915 -4.34296690e-02
0.46143110 0.50000000 0.01000536 -4.48634326e-02
0.46095229 0.50000000 0.01006266 -4.62480597e-02
0.46047350 0.50000000 0.01011996 -4.76037487e-02
0.45966962 0.50000000 0.01021616 -4.89776954e-02
0.45886573 0.50000000 0.01031156 -5.03855832e-02
0.45806158 0.50000000 0.01040692 -5.18333949e-02
0.45725742 0.50000000 0.01050228 -5.32962270e-02
0.45645330 0.50000000 0.01059764 -5.47498725e-02
0.45597469 0.50000000 0.01065415 -5.61859049e-02
0.45549640 0.50000000 0.01071048 -5.76206744e-02
0.45469208 0.50000000 0.01080522 -5.90691827e-02
0.45388773 0.50000000 0.01089997 -6.05330132e-02
0.45308341 0.50000000 0.01099471 -6.20003752e-02
0.45227873 0.50000000 0.01108898 -6.34585843e-02
0.45180064 0.50000000 0.01114493 -6.49143681e-02
0.45132255 0.50000000 0.01120088 -6.64011240e-02
0.45051803 0.50000000 0.01129503 -6.79390207e-02
0.44971352 0.50000000 0.01138918 -6.95386305e-02
0.44890870 0.50000000 0.01148255 -7.11675510e-02
0.44810391 0.50000000 0.01157582 -7.27878734e-02
0.44762613 0.50000000 0.01163119 -7.43770823e-02
0.44714835 0.50000000 0.01168657 -7.59034902e-02
0.44634353 0.50000000 0.01177984 -7.73857832e-02
0.44553871 0.50000000 0.01187276 -7.88064897e-02
0.44473381 0.50000000 0.01196567 -8.01606253e-02
0.44392890 0.50000000 0.01205858 -8.14419910e-02
0.44345125 0.50000000 0.01211372 -8.26702789e-02
0.44297400 0.50000000 0.01216880 -8.38714689e-02
0.44216885 0.50000000 0.01226088 -8.51042867e-02
0.44136367 0.50000000 0.01235296 -8.63911360e-02
0.44055852 0.50000000 0.01244504 -8.77333432e-02
0.43975334 0.50000000 0.01253712 -8.91077220e-02
0.43894784 0.50000000 0.01262866 -9.04874429e-02
0.43847068 0.50000000 0.01268284 -9.18681622e-02
0.43799352 0.50000000 0.01273703 -9.32687670e-02
0.43718818 0.50000000 0.01282849 -9.46993753e-02
0.43638283 0.50000000 0.01291994 -9.61546972e-02
0.43557729 0.50000000 0.01301082 -9.75937173e-02
0.43477175 0.50000000 0.01310167 -9.89767760e-02
0.43429479 0.50000000 0.01315547 -1.00299262e-01
0.43381787 0.50000000 0.01320927 -1.01563148e-01
0.43301248 0.50000000 0.01330007 -1.02828018e-01
0.43220677 0.50000000 0.01339033 -1.04118586e-01
0.43140103 0.50000000 0.01348059 -1.05442181e-01
0.43059532 0.50000000 0.01357084 -1.06782094e-01
0.42978961 0.50000000 0.01366110 -1.08118147e-01
0.42931278 0.50000000 0.01371406 -1.09442413e-01
0.42883631 0.50000000 0.01376693 -1.10785328e-01
0.42803036 0.50000000 0.01385637 -1.12160183e-01
0.42722441 0.50000000 0.01394582 -1.13565475e-01
0.42641837 0.50000000 0.01403525 -1.14963852e-01
0.42561226 0.50000000 0.01412430 -1.16313413e-01
0.42513596 0.50000000 0.01417692 -1.17606744e-01
0.42465963 0.50000000 0.01422953 -1.18839227e-01
0.42385355 0.50000000 0.01431858 -1.20068908e-01
0.42304752 0.50000000 0.01440751 -1.21313900e-01
0.42224120 0.50000000 0.01449574 -1.22594021e-01
0.42143489 0.50000000 0.01458397 -1.23899013e-01
0.42062855 0.50000000 0.01467220 -1.25217020e-01
0.42015252 0.50000000 0.01472429 -1.26542330e-01
0.41967671 0.50000000 0.01477621 -1.27900705e-01
0.41887020 0.50000000 0.01486386 -1.29301116e-01
0.41806372 0.50000000 0.01495151 -1.30735397e-01
0.41725720 0.50000000 0.01503915 -1.32157296e-01
0.41645049 0.50000000 0.01512672 -1.33511275e-01
0.41597487 0.50000000 0.01517804 -1.34795547e-01
0.41549926 0.50000000 0.01522935 -1.35990977e-01
0.41469258 0.50000000 0.01531639 -1.37156144e-01
0.41388593 0.50000000 0.01540343 -1.38296485e-01
0.41307915 0.50000000 0.01549024 -1.39414966e-01
0.41227223 0.50000000 0.01557644 -1.40503824e-01
0.41146531 0.50000000 0.01566265 -1.41554147e-01
0.41099000 0.50000000 0.01571344 -1.42580494e-01
0.41051469 0.50000000 0.01576422 -1.43648043e-01
0.40970788 0.50000000 0.01585018 -1.44803971e-01
0.40890079 0.50000000 0.01593579 -1.46089122e-01
0.40809370 0.50000000 0.01602141 -1.47478163e-01
0.40728661 0.50000000 0.01610703 -1.48914799e-01
0.40647933 0.50000000 0.01619254 -1.50344759e-01
0.40600436 0.50000000 0.01624270 -1.51754767e-01
0.40552936 0.50000000 0.01629285 -1.53152704e-01
0.40472218 0.50000000 0.01637809 -1.54561222e-01
0.40391497 0.50000000 0.01646334 -1.55971676e-01
0.40310758 0.50000000 0.01654821 -1.57345876e-01
0.40230015 0.50000000 0.01663264 -1.58647537e-01
0.40182546 0.50000000 0.01668228 -1.59876749e-01
0.40135077 0.50000000 0.01673191 -1.61039174e-01
0.40054335 0.50000000 0.01681635 -1.62207916e-01
0.39973596 0.50000000 0.01690027 -1.63408160e-01
0.39892830 0.50000000 0.01698389 -1.64655045e-01
0.39812063 0.50000000 0.01706750 -1.65919855e-01
0.39731297 0.50000000 0.01715112 -1.67162687e-01
0.39683856 0.50000000 0.01720017 -1.68370783e-01
0.39636431 0.50000000 0.01724904 -1.69547394e-01
0.39555655 0.50000000 0.01733228 -1.70736700e-01
0.39474876 0.50000000 0.01741552 -1.71958700e-01
0.39394100 0.50000000 0.01749876 -1.73219189e-01
0.39313293 0.50000000 0.01758143 -1.74499765e-01
0.39232496 0.50000000 0.01766387 -1.75788909e-01
0.39185098 0.50000000 0.01771223 -1.77078381e-01
0.39137701 0.50000000 0.01776059 -1.78392351e-01
0.39056901 0.50000000 0.01784304 -1.79737195e-01
0.38976098 0.50000000 0.01792494 -1.81101725e-01
0.38895282 0.50000000 0.01800677 -1.82444975e-01
0.38814465 0.50000000 0.01808861 -1.83715701e-01
0.38767091 0.50000000 0.01813659 -1.84913650e-01
0.38719745 0.50000000 0.01818451 -1.86040774e-01
0.38638911 0.50000000 0.01826576 -1.87173709e-01
0.38558080 0.50000000 0.01834702 -1.88338086e-01
0.38477247 0.50000000 0.01842828 -1.89546078e-01
0.38396398 0.50000000 0.01850951 -1.90777361e-01
0.38315541 0.50000000 0.01858991 -1.91987053e-01
0.38268218 0.50000000 0.01863697 -1.93162262e-01
0.38220895 0.50000000 0.01868403 -1.94319382e-01
0.38140041 0.50000000 0.01876444 -1.95514306e-01
0.38059187 0.50000000 0.01884476 -1.96774811e-01
0.37978323 0.50000000 0.01892485 -1.98095799e-01
0.37897458 0.50000000 0.01900494 -1.99429721e-01
0.37816594 0.50000000 0.01908502 -2.00720742e-01
0.37769282 0.50000000 0.01913188 -2.01957166e-01
0.37722005 0.50000000 0.01917835 -2.03136638e-01
0.37641117 0.50000000 0.01925760 -2.04326794e-01
0.37560232 0.50000000 0.01933685 -2.05549404e-01
0.37479343 0.50000000 0.01941610 -2.06810013e-01
0.37398434 0.50000000 0.01949501 -2.08077267e-01
0.37317524 0.50000000 0.01957344 -2.09317952e-01
0.37270273 0.50000000 0.01961925 -2.10523054e-01
0.37223022 0.50000000 0.01966506 -2.11708978e-01
0.37142112 0.50000000 0.01974350 -2.12926894e-01
0.37061204 0.50000000 0.01982169 -2.14198113e-01
0.36980283 0.50000000 0.01989975 -2.15512693e-01
0.36899364 0.50000000 0.01997782 -2.16821656e-01
0.36818445 0.50000000 0.02005588 -2.18073338e-01
0.36771206 0.50000000 0.02010117 -2.19260812e-01
0.36724006 0.50000000 0.02014608 -2.20402658e-01
0.36643059 0.50000000 0.02022310 -2.21568525e-01
0.36562112 0.50000000 0.02030012 -2.22789764e-01
0.36481164 0.50000000 0.02037714 -2.24070042e-01
0.36400204 0.50000000 0.02045384 -2.25369841e-01
0.36319250 0.50000000 0.02053051 -2.26639792e-01
0.36272064 0.50000000 0.02057519 -2.27865264e-01
0.36224877 0.50000000 0.02061988 -2.29047224e-01
0.36143939 0.50000000 0.02069641 -2.30241314e-01
0.36062961 0.50000000 0.02077225 -2.31475622e-01
0.35981983 0.50000000 0.02084809 -2.32750416e-01
0.35901005 0.50000000 0.02092393 -2.34032989e-01
0.35820001 0.50000000 0.02099966 -2.35280424e-01
0.35772869 0.50000000 0.02104346 -2.36488193e-01
0.35725733 0.50000000 0.02108725 -2.37666756e-01
0.35644738 0.50000000 0.02116251 -2.38872141e-01
0.35563747 0.50000000 0.02123776 -2.40130305e-01
0.35482745 0.50000000 0.02131264 -2.41437226e-01
0.35401730 0.50000000 0.02138706 -2.42760077e-01
0.35320714 0.50000000 0.02146148 -2.44052350e-01
0.35273609 0.50000000 0.02150474 -2.45304838e-01
0.35226507 0.50000000 0.02154801 -2.46528536e-01
0.35145506 0.50000000 0.02162199 -2.47773573e-01
0.35064474 0.50000000 0.02169582 -2.49059752e-01
0.34983444 0.50000000 0.02176965 -2.50368178e-01
0.34902414 0.50000000 0.02184347 -2.51642644e-01
0.34821358 0.50000000 0.02191686 -2.52821595e-01
0.34774297 0.50000000 0.02195940 -2.53909111e-01
0.34727239 0.50000000 0.02200194 -2.54908353e-01
0.34646192 0.50000000 0.02207519 -2.55915284e-01
0.34565161 0.50000000 0.02214838 -2.56968528e-01
0.34484094 0.50000000 0.02222079 -2.58096099e-01
0.34403029 0.50000000 0.02229320 -2.59267986e-01
0.34321962 0.50000000 0.02236561 -2.60430217e-01
0.34240850 0.50000000 0.02243789 -2.61546820e-01
0.34193854 0.50000000 0.02247936 -2.62633979e-01
0.34146857 0.50000000 0.02252083 -2.63773203e-01
0.34065768 0.50000000 0.02259239 -2.65033126e-01
0.33984683 0.50000000 0.02266394 -2.66461313e-01
0.33903589 0.50000000 0.02273536 -2.68019319e-01
0.33822491 0.50000000 0.02280660 -2.69616425e-01
0.33741396 0.50000000 0.02287786 -2.71153837e-01
0.33694412 0.50000000 0.02291914 -2.72607684e-01
0.33647426 0.50000000 0.02296042 -2.73955256e-01
0.33566352 0.50000000 0.02303077 -2.75272250e-01
0.33485229 0.50000000 0.02310091 -2.76578098e-01
0.33404102 0.50000000 0.02317104 -2.77873725e-01
0.33322979 0.50000000 0.02324118 -2.79123426e-01
0.33241830 0.50000000 0.02331078 -2.80281335e-01
0.33194907 0.50000000 0.02335100 -2.81356931e-01
0.33147988 0.50000000 0.02339122 -2.82364100e-01
0.33066848 0.50000000 0.02346076 -2.83396989e-01
0.32985721 0.50000000 0.02353009 -2.84501404e-01
0.32904563 0.50000000 0.02359879 -2.85706878e-01
0.32823405 0.50000000 0.02366749 -2.86982685e-01
0.32742244 0.50000000 0.02373619 -2.88270265e-01
0.32661058 0.50000000 0.02380467 -2.89524078e-01
0.32614189 0.50000000 0.02384400 -2.90748328e-01
0.32567321 0.50000000 0.02388334 -2.91997433e-01
0.32486149 0.50000000 0.02395146 -2.93323904e-01
0.32404977 0.50000000 0.02401959 -2.94749051e-01
0.32323792 0.50000000 0.02408706 -2.96220541e-01
0.32242599 0.50000000 0.02415433 -2.97650456e-01
0.32161403 0.50000000 0.02422159 -2.98950612e-01
0.32114568 0.50000000 0.02426039 -3.00125420e-01
0.32067773 0.50000000 0.02429907 -3.01185757e-01
0.31986560 0.50000000 0.02436548 -3.02262217e-01
0.31905346 0.50000000 0.02443189 -3.03407997e-01
0.31824132 0.50000000 0.02449829 -3.04659277e-01
0.31742908 0.50000000 0.02456452 -3.05987358e-01
0.31661680 0.50000000 0.02463034 -3.07333320e-01
0.31580453 0.50000000 0.02469616 -3.08646142e-01
0.31533672 0.50000000 0.02473406 -3.09923559e-01
0.31486891 0.50000000 0.02477197 -3.11219096e-01
0.31405680 0.50000000 0.02483717 -3.12585920e-01
0.31324432 0.50000000 0.02490212 -3.14053595e-01
0.31243183 0.50000000 0.02496707 -3.15572351e-01
0.31161935 0.50000000 0.02503201 -3.17050546e-01
0.31080650 0.50000000 0.02509622 -3.18402350e-01
0.31033936 0.50000000 0.02513307 -3.19636732e-01
0.30987220 0.50000000 0.02516992 -3.20771187e-01
0.30905954 0.50000000 0.02523403 -3.21934551e-01
0.30824698 0.50000000 0.02529795 -3.23186964e-01
0.30743415 0.50000000 0.02536144 -3.24562967e-01
0.30662132 0.50000000 0.02542493 -3.26016337e-01
0.30580852 0.50000000 0.02548842 -3.27451795e-01
0.30499519 0.50000000 0.02555133 -3.28778833e-01
0.30452870 0.50000000 0.02558712 -3.30000848e-01
0.30406223 0.50000000 0.02562291 -3.31134319e-01
0.30324915 0.50000000 0.02568529 -3.32301259e-01
0.30243607 0.50000000 0.02574767 -3.33563238e-01
0.30162297 0.50000000 0.02580944 -3.34948897e-01
0.30080976 0.50000000 0.02587119 -3.36418212e-01
0.29999654 0.50000000 0.02593294 -3.37876946e-01
0.29918292 0.50000000 0.02599452 -3.39237004e-01
0.29871703 0.50000000 0.02602939 -3.40498656e-01
0.29825114 0.50000000 0.02606427 -3.41677606e-01
0.29743771 0.50000000 0.02612516 -3.42890441e-01
0.29662432 0.50000000 0.02618605 -3.44197244e-01
0.29581084 0.50000000 0.02624636 -3.45624834e-01
0.29499724 0.50000000 0.02630639 -3.47135007e-01
0.29418364 0.50000000 0.02636641 -3.48633856e-01
0.29337003 0.50000000 0.02642644 -3.50036562e-01
0.29290442 0.50000000 0.02646030 -3.51336539e-01
0.29243920 0.50000000 0.02649409 -3.52559120e-01
0.29162542 0.50000000 0.02655321 -3.53819817e-01
0.29081162 0.50000000 0.02661232 -3.55180889e-01
0.28999780 0.50000000 0.02667119 -3.56668949e-01
0.28918385 0.50000000 0.02672971 -3.58239621e-01
0.28836993 0.50000000 0.02678824 -3.59791100e-01
0.28755599 0.50000000 0.02684677 -3.61228555e-01
0.28709097 0.50000000 0.02687983 -3.62544209e-01
0.28662645 0.50000000 0.02691255 -3.63752454e-01
0.28581229 0.50000000 0.02696990 -3.64978910e-01
0.28499809 0.50000000 0.02702726 -3.66287321e-01
0.28418389 0.50000000 0.02708441 -3.67719382e-01
0.28336951 0.50000000 0.02714090 -3.69250566e-01
0.28255517 0.50000000 0.02719739 -3.70794326e-01
0.28174080 0.50000000 0.02725387 -3.72264177e-01
0.28127660 0.50000000 0.02728597 -3.73644531e-01
0.28081268 0.50000000 0.02731777 -3.74941438e-01
0.27999818 0.50000000 0.02737361 -3.76254678e-01
0.27918370 0.50000000 0.02742945 -3.77631754e-01
0.27836920 0.50000000 0.02748519 -3.79091829e-01
0.27755445 0.50000000 0.02753988 -3.80596221e-01
0.27673970 0.50000000 0.02759456 -3.82050723e-01
0.27592497 0.50000000 0.02764924 -3.83372515e-01
0.27546153 0.50000000 0.02768032 -3.84565532e-01
0.27499845 0.50000000 0.02771086 -3.85653913e-01
0.27418349 0.50000000 0.02776462 -3.86772662e-01
0.27336856 0.50000000 0.02781837 -3.87996316e-01
0.27255364 0.50000000 0.02787213 -3.89378101e-01
0.27173856 0.50000000 0.02792499 -3.90889615e-01
0.27092346 0.50000000 0.02797785 -3.92446011e-01
0.27010835 0.50000000 0.02803071 -3.93939763e-01
0.26929277 0.50000000 0.02808323 -3.95309120e-01
0.26883039 0.50000000 0.02811269 -3.96587521e-01
0.26836802 0.50000000 0.02814216 -3.97862852e-01
0.26755271 0.50000000 0.02819411 -3.99251998e-01
0.26673743 0.50000000 0.02824606 -4.00822014e-01
0.26592203 0.50000000 0.02829711 -4.02552426e-01
0.26510655 0.50000000 0.02834813 -4.04349864e-01
0.26429107 0.50000000 0.02839915 -4.06072408e-01
0.26347516 0.50000000 0.02844984 -4.07608896e-01
0.26301355 0.50000000 0.02847819 -4.08979088e-01
0.26255191 0.50000000 0.02850655 -4.10198480e-01
0.26173625 0.50000000 0.02855665 -4.11433071e-01
0.26092059 0.50000000 0.02860675 -4.12765145e-01
0.26010492 0.50000000 0.02865567 -4.14262265e-01
0.25928902 0.50000000 0.02870456 -4.15918946e-01
0.25847312 0.50000000 0.02875345 -4.17658091e-01
0.25765689 0.50000000 0.02880196 -4.19328541e-01
0.25684081 0.50000000 0.02884991 -4.20835406e-01
0.25638004 0.50000000 0.02887699 -4.22188401e-01
0.25591926 0.50000000 0.02890406 -4.23410296e-01
0.25510346 0.50000000 0.02895197 -4.24651444e-01
0.25428721 0.50000000 0.02899898 -4.25991476e-01
0.25347096 0.50000000 0.02904599 -4.27481353e-01
0.25265471 0.50000000 0.02909300 -4.29090917e-01
0.25183817 0.50000000 0.02913952 -4.30716425e-01
0.25102175 0.50000000 0.02918558 -4.32248741e-01
0.25020533 0.50000000 0.02923163 -4.33616161e-01
0.24974532 0.50000000 0.02925758 -4.34852064e-01
0.24928580 0.50000000 0.02928331 -4.36035812e-01
0.24846914 0.50000000 0.02932812 -4.37323600e-01
0.24765249 0.50000000 0.02937294 -4.38793033e-01
0.24683583 0.50000000 0.02941775 -4.40458924e-01
0.24601902 0.50000000 0.02946192 -4.42241758e-01
0.24520220 0.50000000 0.02950577 -4.44016933e-01
0.24438537 0.50000000 0.02954963 -4.45653617e-01
0.24356804 0.50000000 0.02959331 -4.47087765e-01
0.24310935 0.50000000 0.02961738 -4.48377580e-01
0.24265066 0.50000000 0.02964146 -4.49621528e-01
0.24183365 0.50000000 0.02968433 -4.50979799e-01
0.24101665 0.50000000 0.02972721 -4.52549219e-01
0.24019961 0.50000000 0.02976898 -4.54352200e-01
0.23938238 0.50000000 0.02981060 -4.56330329e-01
0.23856517 0.50000000 0.02985221 -4.58340287e-01
0.23774758 0.50000000 0.02989341 -4.60225791e-01
0.23693018 0.50000000 0.02993405 -4.61890191e-01
0.23647242 0.50000000 0.02995681 -4.63360339e-01
0.23601465 0.50000000 0.02997956 -4.64667976e-01
0.23519764 0.50000000 0.03002000 -4.65993166e-01
0.23438002 0.50000000 0.03005934 -4.67435837e-01
0.23356241 0.50000000 0.03009868 -4.69071597e-01
0.23274480 0.50000000 0.03013801 -4.70887393e-01
0.23192697 0.50000000 0.03017663 -4.72777396e-01
0.23110919 0.50000000 0.03021498 -4.74602342e-01
0.23029143 0.50000000 0.03025334 -4.76237238e-01
0.22983460 0.50000000 0.03027476 -4.77689862e-01
0.22937826 0.50000000 0.03029569 -4.78955835e-01
0.22856032 0.50000000 0.03033301 -4.80219901e-01
0.22774237 0.50000000 0.03037034 -4.81575698e-01
0.22692458 0.50000000 0.03040755 -4.83132511e-01
0.22610643 0.50000000 0.03044357 -4.84932721e-01
0.22528827 0.50000000 0.03047960 -4.86911714e-01
0.22447012 0.50000000 0.03051562 -4.88934427e-01
0.22365148 0.50000000 0.03055070 -4.90839750e-01
0.22283312 0.50000000 0.03058539 -4.92522657e-01
0.22237783 0.50000000 0.03060470 -4.94002491e-01
0.22192256 0.50000000 0.03062400 -4.95289653e-01
0.22110452 0.50000000 0.03065816 -4.96570438e-01
0.22028599 0.50000000 0.03069182 -4.97950107e-01
0.21946747 0.50000000 0.03072547 -4.99541730e-01
0.21864893 0.50000000 0.03075890 -5.01379192e-01
0.21783020 0.50000000 0.03079121 -5.03416002e-01
0.21701148 0.50000000 0.03082353 -5.05518794e-01
0.21619275 0.50000000 0.03085584 -5.07534504e-01
0.21537351 0.50000000 0.03088727 -5.09343207e-01
0.21491969 0.50000000 0.03090459 -5.10967493e-01
0.21446588 0.50000000 0.03092192 -5.12402356e-01
0.21364699 0.50000000 0.03095318 -5.13820469e-01
0.21282840 0.50000000 0.03098350 -5.15302599e-01
0.21200932 0.50000000 0.03101339 -5.16959786e-01
0.21119023 0.50000000 0.03104327 -5.18818319e-01
0.21037101 0.50000000 0.03107262 -5.20816982e-01
0.20955174 0.50000000 0.03110114 -5.22843838e-01
0.20873245 0.50000000 0.03112966 -5.24756372e-01
0.20791272 0.50000000 0.03115804 -5.26454210e-01
0.20746055 0.50000000 0.03117317 -5.27971804e-01
0.20700838 0.50000000 0.03118830 -5.29325545e-01
0.20618894 0.50000000 0.03121571 -5.30689180e-01
0.20536953 0.50000000 0.03124313 -5.32159209e-01
0.20455031 0.50000000 0.03126915 -5.33841431e-01
0.20373069 0.50000000 0.03129516 -5.35788357e-01
0.20291107 0.50000000 0.03132117 -5.37956595e-01
0.20209124 0.50000000 0.03134610 -5.40227175e-01
0.20127142 0.50000000 0.03137069 -5.42453825e-01
0.20045162 0.50000000 0.03139528 -5.44478178e-01
0.19963118 0.50000000 0.03141910 -5.46196401e-01
0.19918086 0.50000000 0.03143182 -5.47669828e-01
0.19873053 0.50000000 0.03144454 -5.48903108e-01
0.19791055 0.50000000 0.03146770 -5.50102293e-01
0.19709086 0.50000000 0.03149034 -5.51359713e-01
0.19627073 0.50000000 0.03151236 -5.52817941e-01
0.19545060 0.50000000 0.03153438 -5.54555297e-01
0.19463043 0.50000000 0.03155601 -5.56575000e-01
0.19381012 0.50000000 0.03157657 -5.58823943e-01
0.19298980 0.50000000 0.03159713 -5.61176598e-01
0.19216916 0.50000000 0.03161758 -5.63476682e-01
0.19134870 0.50000000 0.03163698 -5.65589905e-01
0.19052826 0.50000000 0.03165638 -5.67420185e-01
0.19007957 0.50000000 0.03166698 -5.69016874e-01
0.18963168 0.50000000 0.03167747 -5.70392668e-01
0.18881102 0.50000000 0.03169505 -5.71760178e-01
0.18799036 0.50000000 0.03171264 -5.73214889e-01
0.18716969 0.50000000 0.03173022 -5.74890256e-01
0.18634908 0.50000000 0.03174670 -5.76855719e-01
0.18552829 0.50000000 0.03176311 -5.79116702e-01
0.18470749 0.50000000 0.03177951 -5.81593335e-01
0.18388636 0.50000000 0.03179466 -5.84147751e-01
0.18306540 0.50000000 0.03180953 -5.86634278e-01
0.18224445 0.50000000 0.03182441 -5.88899791e-01
0.18142275 0.50000000 0.03183817 -5.90845168e-01
0.18097677 0.50000000 0.03184542 -5.92538476e-01
0.18053080 0.50000000 0.03185266 -5.93976855e-01
0.17970967 0.50000000 0.03186600 -5.95364988e-01
0.17888896 0.50000000 0.03187818 -5.96785486e-01
0.17806769 0.50000000 0.03188995 -5.98382056e-01
0.17724641 0.50000000 0.03190173 -6.00235045e-01
0.17642515 0.50000000 0.03191265 -6.02362335e-01
0.17560375 0.50000000 0.03192318 -6.04737818e-01
0.17478234 0.50000000 0.03193371 -6.07275546e-01
0.17396050 0.50000000 0.03194300 -6.09852374e-01
0.17313893 0.50000000 0.03195161 -6.12353682e-01
0.17231735 0.50000000 0.03196022 -6.14649892e-01
0.17149516 0.50000000 0.03196803 -6.16657972e-01
0.17105191 0.50000000 0.03197198 -6.18439913e-01
0.17060865 0.50000000 0.03197593 -6.19990408e-01
0.16978696 0.50000000 0.03198326 -6.21490657e-01
0.16896574 0.50000000 0.03198944 -6.23011112e-01
0.16814391 0.50000000 0.03199514 -6.24682784e-01
0.16732208 0.50000000 0.03200083 -6.26581848e-01
0.16650036 0.50000000 0.03200535 -6.28734887e-01
0.16567840 0.50000000 0.03200939 -6.31144643e-01
0.16485641 0.50000000 0.03201344 -6.33760869e-01
0.16403419 0.50000000 0.03201623 -6.36498988e-01
0.16321210 0.50000000 0.03201861 -6.39265120e-01
0.16239000 0.50000000 0.03202098 -6.41919136e-01
0.16156727 0.50000000 0.03202201 -6.44323707e-01
0.16074506 0.50000000 0.03202269 -6.46407902e-01
0.16030485 0.50000000 0.03202305 -6.48223758e-01
0.15986465 0.50000000 0.03202342 -6.49762154e-01
0.15904301 0.50000000 0.03202282 -6.51215673e-01
0.15822068 0.50000000 0.03202213 -6.52657270e-01
0.15739896 0.50000000 0.03202139 -6.54189110e-01
0.15657650 0.50000000 0.03201863 -6.55893683e-01
0.15575405 0.50000000 0.03201586 -6.57789826e-01
0.15493174 0.50000000 0.03201287 -6.59870207e-01
0.15410917 0.50000000 0.03200834 -6.62140250e-01
0.15328661 0.50000000 0.03200382 -6.64592266e-01
0.15246389 0.50000000 0.03199892 -6.67219102e-01
0.15164125 0.50000000 0.03199297 -6.70017004e-01
0.15081861 0.50000000 0.03198702 -6.72928333e-01
0.14999544 0.50000000 0.03198033 -6.75818384e-01
0.14917270 0.50000000 0.03197258 -6.78612411e-01
0.14834995 0.50000000 0.03196482 -6.81175351e-01
0.14752636 0.50000000 0.03195602 -6.83412850e-01
0.14709099 0.50000000 0.03195095 -6.85399115e-01
0.14665561 0.50000000 0.03194588 -6.87120974e-01
0.14583279 0.50000000 0.03193629 -6.88772023e-01
0.14501063 0.50000000 0.03192523 -6.90409541e-01
0.14418771 0.50000000 0.03191380 -6.92151845e-01
0.14336526 0.50000000 0.03190236 -6.94044411e-01
0.14254226 0.50000000 0.03188904 -6.96110547e-01
0.14171928 0.50000000 0.03187573 -6.98323965e-01
0.14089645 0.50000000 0.03186198 -7.00646460e-01
0.14007340 0.50000000 0.03184677 -7.03063667e-01
0.13925034 0.50000000 0.03183156 -7.05548585e-01
0.13842717 0.50000000 0.03181543 -7.08083391e-01
0.13760406 0.50000000 0.03179829 -7.10686982e-01
0.13678094 0.50000000 0.03178114 -7.13365614e-01
0.13595743 0.50000000 0.03176256 -7.16129541e-01
0.13513426 0.50000000 0.03174346 -7.19008088e-01
0.13431060 0.50000000 0.03172434 -7.21964777e-01
0.13348740 0.50000000 0.03170362 -7.24953890e-01
0.13266421 0.50000000 0.03168290 -7.27864802e-01
0.13184012 0.50000000 0.03166154 -7.30574131e-01
0.13101689 0.50000000 0.03163880 -7.33025193e-01
0.13058791 0.50000000 0.03162695 -7.35254943e-01
0.13015891 0.50000000 0.03161509 -7.37271786e-01
0.12933676 0.50000000 0.03159078 -7.39240766e-01
0.12851350 0.50000000 0.03156563 -7.41246045e-01
0.12769023 0.50000000 0.03154048 -7.43363678e-01
0.12686757 0.50000000 0.03151364 -7.45620131e-01
0.12604429 0.50000000 0.03148678 -7.48012662e-01
0.12522155 0.50000000 0.03145919 -7.50484049e-01
0.12439828 0.50000000 0.03143022 -7.53007174e-01
0.12357500 0.50000000 0.03140126 -7.55545556e-01
0.12275201 0.50000000 0.03137102 -7.58085668e-01
0.12192874 0.50000000 0.03134030 -7.60656238e-01
0.12110566 0.50000000 0.03130926 -7.63266742e-01
0.12028241 0.50000000 0.03127599 -7.65969813e-01
0.11945916 0.50000000 0.03124272 -7.68776536e-01
0.11863593 0.50000000 0.03120846 -7.71681547e-01
0.11781270 0.50000000 0.03117336 -7.74683476e-01
0.11698947 0.50000000 0.03113827 -7.77738333e-01
0.11616613 0.50000000 0.03110097 -7.80793488e-01
0.11534295 0.50000000 0.03106362 -7.83835113e-01
0.11451949 0.50000000 0.03102528 -7.86819398e-01
0.11369635 0.50000000 0.03098566 -7.89763451e-01
0.11287323 0.50000000 0.03094606 -7.92664945e-01
0.11204972 0.50000000 0.03090431 -7.95529723e-01
0.11122666 0.50000000 0.03086238 -7.98400939e-01
0.11040307 0.50000000 0.03081946 -8.01272631e-01
0.10958009 0.50000000 0.03077517 -8.04178178e-01
0.10875712 0.50000000 0.03073088 -8.07107449e-01
0.10793367 0.50000000 0.03068474 -8.10045719e-01
0.10711077 0.50000000 0.03063849 -8.13006878e-01
0.10628715 0.50000000 0.03059106 -8.15967321e-01
0.10546436 0.50000000 0.03054234 -8.18956792e-01
0.10464089 0.50000000 0.03049355 -8.21961522e-01
0.10381820 0.50000000 0.03044278 -8.25011134e-01
0.10299551 0.50000000 0.03039201 -8.28099310e-01
0.10217203 0.50000000 0.03033968 -8.31211686e-01
0.10134948 0.50000000 0.03028640 -8.34368944e-01
0.10052604 0.50000000 0.03023256 -8.37536871e-01
0.09970366 0.50000000 0.03017672 -8.40733230e-01
0.09888127 0.50000000 0.03012089 -8.43934774e-01
0.09805807 0.50000000 0.03006288 -8.47119689e-01
0.09723587 0.50000000 0.03000446 -8.50312889e-01
0.09641291 0.50000000 0.02994496 -8.53494763e-01
0.09559088 0.50000000 0.02988428 -8.56703401e-01
0.09476791 0.50000000 0.02982324 -8.59929621e-01
0.09394608 0.50000000 0.02975989 -8.63215804e-01
0.09312426 0.50000000 0.02969654 -8.66552293e-01
0.09230181 0.50000000 0.02963128 -8.69923651e-01
0.09148019 0.50000000 0.02956560 -8.73352289e-01
0.09065781 0.50000000 0.02949848 -8.76811624e-01
0.08983646 0.50000000 0.02943003 -8.80343735e-01
0.08901445 0.50000000 0.02936100 -8.83932352e-01
0.08819333 0.50000000 0.02929014 -8.87614071e-01
0.08737222 0.50000000 0.02921928 -8.91369402e-01
0.08655066 0.50000000 0.02914556 -8.95158649e-01
0.08572985 0.50000000 0.02907179 -8.98982763e-01
0.08490872 0.50000000 0.02899616 -9.02769625e-01
0.08408820 0.50000000 0.02891989 -9.06517565e-01
0.08326743 0.50000000 0.02884229 -9.10179079e-01
0.08244721 0.50000000 0.02876350 -9.13791478e-01
0.08162679 0.50000000 0.02868370 -9.17353869e-01
0.08080696 0.50000000 0.02860182 -9.20960367e-01
0.07998707 0.50000000 0.02851948 -9.24644649e-01
0.07916764 0.50000000 0.02843452 -9.28518832e-01
0.07834822 0.50000000 0.02834956 -9.32628214e-01
0.07752928 0.50000000 0.02826189 -9.36996877e-01
0.07671025 0.50000000 0.02817417 -9.41671133e-01
0.07589188 0.50000000 0.02808412 -9.46572065e-01
0.07507326 0.50000000 0.02799363 -9.51626360e-01
0.07425552 0.50000000 0.02790112 -9.56601083e-01
0.07343734 0.50000000 0.02780782 -9.61274445e-01
0.07262030 0.50000000 0.02771274 -9.65343356e-01
0.07180258 0.50000000 0.02761656 -9.68666792e-01
0.07098655 0.50000000 0.02751854 -9.71209884e-01
0.07016942 0.50000000 0.02741890 -9.73230481e-01
0.06973980 0.50000000 0.02736633 -9.75000441e-01
0.06930893 0.50000000 0.02731218 -9.77085054e-01
0.06849233 0.50000000 0.02720954 -9.79742527e-01
0.06767482 0.50000000 0.02710501 -9.83204126e-01
0.06685880 0.50000000 0.02699927 -9.87494230e-01
0.06604225 0.50000000 0.02689167 -9.92410004e-01
0.06522684 0.50000000 0.02678282 -9.97819543e-01
0.06441130 0.50000000 0.02667203 -1.00352406e+00
0.06359654 0.50000000 0.02655993 -1.00947893e+00
0.06278214 0.50000000 0.02644579 -1.01552761e+00
0.06196807 0.50000000 0.02633038 -1.02156770e+00
0.06115490 0.50000000 0.02621280 -1.02730274e+00
0.06034156 0.50000000 0.02609409 -1.03250361e+00
0.05952973 0.50000000 0.02597291 -1.03689134e+00
0.05871719 0.50000000 0.02585074 -1.04046369e+00
0.05790683 0.50000000 0.02572580 -1.04335153e+00
0.05746687 0.50000000 0.02565767 -1.04593885e+00
0.05702534 0.50000000 0.02558907 -1.04872715e+00
0.05621454 0.50000000 0.02545969 -1.05212903e+00
0.05540293 0.50000000 0.02532942 -1.05635834e+00
0.05459306 0.50000000 0.02519644 -1.06142438e+00
0.05378317 0.50000000 0.02506221 -1.06699312e+00
0.05297415 0.50000000 0.02492600 -1.07274663e+00
0.05216613 0.50000000 0.02478741 -1.07827198e+00
0.05135833 0.50000000 0.02464683 -1.08344865e+00
0.05055220 0.50000000 0.02450374 -1.08821070e+00
0.04974539 0.50000000 0.02435967 -1.09281373e+00
0.04929905 0.50000000 0.02427803 -1.09738791e+00
0.04885117 0.50000000 0.02419608 -1.10241401e+00
0.04804421 0.50000000 0.02404681 -1.10785544e+00
0.04723972 0.50000000 0.02389507 -1.11385262e+00
0.04643535 0.50000000 0.02374062 -1.12004828e+00
0.04563216 0.50000000 0.02358479 -1.12616098e+00
0.04483050 0.50000000 0.02342495 -1.13180649e+00
0.04403009 0.50000000 0.02326403 -1.13694131e+00
0.04322966 0.50000000 0.02309997 -1.14173985e+00
0.04277625 0.50000000 0.02300645 -1.14635813e+00
0.04232145 0.50000000 0.02291078 -1.15130913e+00
0.04152109 0.50000000 0.02274208 -1.15664697e+00
0.04072376 0.50000000 0.02256942 -1.16258049e+00
0.03992681 0.50000000 0.02239480 -1.16886544e+00
0.03913108 0.50000000 0.02221791 -1.17538929e+00
0.03833782 0.50000000 0.02203704 -1.18190479e+00
0.03754641 0.50000000 0.02185449 -1.18847084e+00
0.03708603 0.50000000 0.02174621 -1.19516826e+00
0.03662565 0.50000000 0.02163793 -1.20211339e+00
0.03583362 0.50000000 0.02144741 -1.20916414e+00
0.03504368 0.50000000 0.02125503 -1.21630073e+00
0.03425559 0.50000000 0.02105965 -1.22336674e+00
0.03347041 0.50000000 0.02086009 -1.23004413e+00
0.03268727 0.50000000 0.02065848 -1.23637640e+00
0.03222170 0.50000000 0.02053674 -1.24252272e+00
0.03175426 0.50000000 0.02041427 -1.24852753e+00
0.03097333 0.50000000 0.02020354 -1.25471795e+00
0.03019372 0.50000000 0.01998973 -1.26101053e+00
0.02941724 0.50000000 0.01977341 -1.26747167e+00
0.02864165 0.50000000 0.01955222 -1.27416170e+00
0.02817320 0.50000000 0.01941644 -1.28088856e+00
0.02770230 0.50000000 0.01927833 -1.28791952e+00
0.02693019 0.50000000 0.01904860 -1.29509509e+00
0.02616181 0.50000000 0.01881602 -1.30252028e+00
0.02539554 0.50000000 0.01857814 -1.31025028e+00
0.02492331 0.50000000 0.01842818 -1.31798220e+00
0.02444878 0.50000000 0.01827640 -1.32578194e+00
0.02368692 0.50000000 0.01802801 -1.33342063e+00
0.02292956 0.50000000 0.01777612 -1.34098756e+00
0.02217759 0.50000000 0.01752055 -1.34863663e+00
0.02169989 0.50000000 0.01735396 -1.35657227e+00
0.02122065 0.50000000 0.01718565 -1.36489272e+00
0.02047354 0.50000000 0.01691819 -1.37381828e+00
0.01973152 0.50000000 0.01664364 -1.38319647e+00
0.01925217 0.50000000 0.01646352 -1.39306796e+00
0.01877197 0.50000000 0.01628102 -1.40345383e+00
0.01803591 0.50000000 0.01599335 -1.41377902e+00
0.01730771 0.50000000 0.01570134 -1.42423165e+00
0.01682535 0.50000000 0.01550475 -1.43471623e+00
0.01634331 0.50000000 0.01530322 -1.44526458e+00
0.01562407 0.50000000 0.01499616 -1.45551252e+00
0.01491403 0.50000000 0.01468440 -1.46553099e+00
0.01443085 0.50000000 0.01446831 -1.47530627e+00
0.01394825 0.50000000 0.01424523 -1.48474896e+00
0.01325143 0.50000000 0.01391617 -1.49365306e+00
0.01256557 0.50000000 0.01358230 -1.50198805e+00
0.01208571 0.50000000 0.01334267 -1.50989878e+00
0.01160436 0.50000000 0.01309551 -1.51755094e+00
0.01093699 0.50000000 0.01274245 -1.52511394e+00
0.01045939 0.50000000 0.01248159 -1.53274262e+00
0.00997879 0.50000000 0.01221266 -1.54060268e+00
0.00933908 0.50000000 0.01184186 -1.54844713e+00
0.00886334 0.50000000 0.01155836 -1.55618048e+00
0.00839009 0.50000000 0.01126513 -1.56217670e+00
0.00777913 0.50000000 0.01087347 -1.56591749e+00
0.00731473 0.50000000 0.01056255 -1.56699908e+00
0.00685049 0.50000000 0.01024079 -1.56279457e+00
0.00628424 0.50000000 0.00983177 -1.55400372e+00
0.00583457 0.50000000 0.00949166 -1.54061532e+00
0.00538804 0.50000000 0.00913928 -1.52101016e+00
0.00494561 0.50000000 0.00877420 -1.49862409e+00
0.00450876 0.50000000 0.00839569 -1.47010863e+00
0.00407940 0.50000000 0.00800277 -1.43840516e+00
0.00365895 0.50000000 0.00759578 -1.39763987e+00
0.00324898 0.50000000 0.00717430 -1.35192776e+00
0.00285223 0.50000000 0.00673759 -1.29218876e+00
0.00247131 0.50000000 0.00628710 -1.22431230e+00
0.00210838 0.50000000 0.00582222 -1.13793373e+00
0.00176485 0.50000000 0.00534021 -1.04885435e+00
0.00145126 0.50000000 0.00485270 -9.34321225e-01
0.00116494 0.50000000 0.00435783 -8.11457217e-01
0.00083713 0.50000000 0.00371048 -6.81781352e-01
0.00061719 0.50000000 0.00319026 -5.29552877e-01
0.00043215 0.50000000 0.00267563 -3.72077376e-01
0.00022083 0.50000000 0.00191765 -2.16883391e-01
0.00012053 0.50000000 0.00141545 -4.75244224e-02
0.00005226 0.50000000 0.00093713 1.22481614e-01
0.00000337 0.50000000 0.00015402 2.77656674e-01
0.00002782 0.50000000 -0.00064593 4.23008740e-01
0.00012829 0.50000000 -0.00143844 5.52473426e-01
0.00029669 0.50000000 -0.00220224 6.62372410e-01
0.00043586 0.50000000 -0.00266583 7.55877614e-01
0.00060883 0.50000000 -0.00314767 8.38471651e-01
0.00092140 0.50000000 -0.00386532 8.95733952e-01
0.00117142 0.50000000 -0.00434874 9.37488020e-01
0.00145261 0.50000000 -0.00483400 9.71404791e-01
0.00185199 0.50000000 -0.00544476 9.89974499e-01
0.00218758 0.50000000 -0.00590448 9.98128235e-01
0.00254643 0.50000000 -0.00635706 1.00172055e+00
0.00297686 0.50000000 -0.00685807 9.97087002e-01
0.00336413 0.50000000 -0.00727566 9.85778928e-01
0.00376768 0.50000000 -0.00768359 9.72046137e-01
0.00418482 0.50000000 -0.00808164 9.54199076e-01
0.00461370 0.50000000 -0.00846882 9.34995294e-01
0.00505314 0.50000000 -0.00884449 9.13702965e-01
0.00550134 0.50000000 -0.00920999 8.91690373e-01
0.00595667 0.50000000 -0.00956482 8.68945420e-01
0.00645631 0.50000000 -0.00993740 8.46090496e-01
0.00693352 0.50000000 -0.01027825 8.23187828e-01
0.00741455 0.50000000 -0.01060882 8.00541818e-01
0.00789863 0.50000000 -0.01092960 7.78100312e-01
0.00838491 0.50000000 -0.01124099 7.56129146e-01
0.00887397 0.50000000 -0.01154402 7.33779252e-01
0.00936570 0.50000000 -0.01183674 7.12800682e-01
0.00995590 0.50000000 -0.01217860 6.92180216e-01
0.01045756 0.50000000 -0.01245965 6.72161698e-01
0.01095837 0.50000000 -0.01273288 6.52680337e-01
0.01145984 0.50000000 -0.01299936 6.33009732e-01
0.01196190 0.50000000 -0.01325817 6.14518642e-01
0.01259504 0.50000000 -0.01357593 5.96634626e-01
0.01310205 0.50000000 -0.01382385 5.79223990e-01
0.01360891 0.50000000 -0.01406609 5.62233865e-01
0.01426279 0.50000000 -0.01436970 5.46234131e-01
0.01477431 0.50000000 -0.01460114 5.30840039e-01
0.01528316 0.50000000 -0.01482774 5.16157687e-01
0.01595484 0.50000000 -0.01511833 5.01725078e-01
0.01646862 0.50000000 -0.01533469 4.88139063e-01
0.01697924 0.50000000 -0.01554709 4.75145310e-01
0.01766517 0.50000000 -0.01582550 4.62327182e-01
0.01817927 0.50000000 -0.01602888 4.50147718e-01
0.01869020 0.50000000 -0.01622901 4.38426793e-01
0.01938960 0.50000000 -0.01649482 4.26680803e-01
0.01990277 0.50000000 -0.01668625 4.15309608e-01
