TITLE = "TC_NACA0012_3933_L1_finalIceShape_V1 | NACA0012 coordinates rotated +4 degrees about X=0.13335 m"
AUXDATA NUM_LAYERS = "insert the number of total ice layers"
VARIABLES = "X_ICED" "Y_ICED" "Z_ICED"

ZONE T="SLICE_Y_0p9144_BINS15_KS_1p0668mm_SINGLE_LAYER"
0.533400050958 0.9144000411 0.000672089011056
0.533400051088 0.9144000411 0.000672087155587
0.533399983924 0.9144000411 0.000582473977245
0.533400035799 0.9144000411 0.000492867248429
0.533400035799 0.9144000411 0.000492867248429
0.533399968895 0.9144000411 0.000403250349173
0.533399968895 0.9144000411 0.000403250349173
0.53340002077 0.9144000411 0.000313643630333
0.53340002077 0.9144000411 0.000313643630333
0.533399953866 0.9144000411 0.000224026731077
0.533399953866 0.9144000411 0.000224026731077
0.533400005612 0.9144000411 0.000134421857731
0.533400005742 0.9144000411 0.000134420002262
0.533399938708 0.9144000411 4.48049684502e-05
0.533399938708 0.9144000411 4.48049684502e-05
0.533399990813 0.9144000411 -4.48036088587e-05
0.533399990813 0.9144000411 -4.48036088587e-05
0.533400042689 0.9144000411 -0.000134410337674
0.533400042818 0.9144000411 -0.000134412193143
0.533399975785 0.9144000411 -0.00022402723693
0.533399975785 0.9144000411 -0.00022402723693
0.53340002779 0.9144000411 -0.000313635821215
0.53340002779 0.9144000411 -0.000313635821215
0.53340002021 0.9144000411 -0.00040324669754
0.53340002021 0.9144000411 -0.00040324669754
0.533400012761 0.9144000411 -0.000492859439311
0.533400012761 0.9144000411 -0.000492859439311
0.533400005312 0.9144000411 -0.000582472181081
0.533400005312 0.9144000411 -0.000582472181081
0.533399997733 0.9144000411 -0.000672083067382
0.533399997733 0.9144000411 -0.000672083067382
0.533148466104 0.9144000411 -0.000707354195544
0.533148466104 0.9144000411 -0.000707354195544
0.532745988517 0.9144000411 -0.000763745068088
0.532745988517 0.9144000411 -0.000763745068088
0.532102026351 0.9144000411 -0.000853826932924
0.532102026351 0.9144000411 -0.000853826932924
0.53107172697 0.9144000411 -0.000997849065348
0.531071667515 0.9144000411 -0.000997853222834
0.529423023212 0.9144000411 -0.00122746219175
0.529423023342 0.9144000411 -0.00122746404722
0.526873108196 0.9144000411 -0.00158098706047
0.526873108196 0.9144000411 -0.00158098706047
0.524322983493 0.9144000411 -0.00193236624936
0.524322924168 0.9144000411 -0.00193237226232
0.521772543898 0.9144000411 -0.00228180690187
0.521772484573 0.9144000411 -0.00228181291483
0.519221784314 0.9144000411 -0.0026292346925
0.519221784314 0.9144000411 -0.0026292346925
0.516670766632 0.9144000411 -0.00297467889513
0.516670766763 0.9144000411 -0.00297468076057
0.514119552708 0.9144000411 -0.00331817253546
0.514119552708 0.9144000411 -0.00331817253546
0.511568088255 0.9144000411 -0.00365979223704
0.511568088255 0.9144000411 -0.00365979223704
0.5090163042 0.9144000411 -0.00399940463317
0.5090163042 0.9144000411 -0.00399940463317
0.50646433183 0.9144000411 -0.0043371798202
0.506464272505 0.9144000411 -0.00433718583316
0.503912047885 0.9144000411 -0.00467306104802
0.503912048014 0.9144000411 -0.00467306290349
0.501359518216 0.9144000411 -0.00500713707921
0.501359518216 0.9144000411 -0.00500713707921
0.498806820734 0.9144000411 -0.00533924188475
0.498806791006 0.9144000411 -0.00533924396349
0.496253820122 0.9144000411 -0.00566957351612
0.496253820252 0.9144000411 -0.00566957537159
0.493700599388 0.9144000411 -0.00599804026978
0.493700599388 0.9144000411 -0.00599804026978
0.491147132541 0.9144000411 -0.00632469626042
0.491147102813 0.9144000411 -0.00632469833916
0.488593452166 0.9144000411 -0.00664958026951
0.488593452166 0.9144000411 -0.00664958026951
0.486039557976 0.9144000411 -0.00697268673364
0.486039558236 0.9144000411 -0.00697269044458
0.483485388235 0.9144000411 -0.00729399007691
0.483485388235 0.9144000411 -0.00729399007691
0.480931064813 0.9144000411 -0.0076135228675
0.480931035085 0.9144000411 -0.00761352494624
0.478376500864 0.9144000411 -0.00793132478
0.478376500864 0.9144000411 -0.00793132478
0.475821696031 0.9144000411 -0.00824739212041
0.475821696031 0.9144000411 -0.00824739212041
0.473266710486 0.9144000411 -0.0085617281292
0.473266680759 0.9144000411 -0.00856173020795
0.470711485975 0.9144000411 -0.00887435556543
0.470711456507 0.9144000411 -0.00887436135511
0.468156081592 0.9144000411 -0.0091852665477
0.468156081592 0.9144000411 -0.0091852665477
0.465600467032 0.9144000411 -0.00949445201795
0.465600437304 0.9144000411 -0.0094944540967
0.463044615743 0.9144000411 -0.00980196235099
0.463044615743 0.9144000411 -0.00980196235099
0.460488587382 0.9144000411 -0.0101077933953
0.460488587382 0.9144000411 -0.0101077933953
0.457932355139 0.9144000411 -0.0104119918348
0.457932355399 0.9144000411 -0.0104119955557
0.455375945203 0.9144000411 -0.0107145035506
0.455375945203 0.9144000411 -0.0107145035506
0.452819296661 0.9144000411 -0.0110153103979
0.452819267194 0.9144000411 -0.0110153161976
0.450262475784 0.9144000411 -0.011314508578
0.450262475784 0.9144000411 -0.011314508578
0.44770548371 0.9144000411 -0.0116121129377
0.44770548371 0.9144000411 -0.0116121129377
0.445148248772 0.9144000411 -0.011907952971
0.445148248772 0.9144000411 -0.011907952971
0.442590874704 0.9144000411 -0.0122022305634
0.442590874964 0.9144000411 -0.0122022342844
0.440033298414 0.9144000411 -0.0124948978396
0.440033298414 0.9144000411 -0.0124948978396
0.437475543392 0.9144000411 -0.0127858635284
0.437475543392 0.9144000411 -0.0127858635284
0.434917592024 0.9144000411 -0.0130753043792
0.434917592024 0.9144000411 -0.0130753043792
0.432359460205 0.9144000411 -0.0133630176293
0.432359430478 0.9144000411 -0.013363019708
0.429801161867 0.9144000411 -0.0136492039456
0.429801161867 0.9144000411 -0.0136492039456
0.42724265689 0.9144000411 -0.0139337167798
0.42724265689 0.9144000411 -0.0139337167798
0.424684010603 0.9144000411 -0.0142166374328
0.424683981136 0.9144000411 -0.0142166432325
0.422125132467 0.9144000411 -0.0144979498513
0.422125132467 0.9144000411 -0.0144979498513
0.419566111202 0.9144000411 -0.014777644072
0.419566111202 0.9144000411 -0.014777644072
0.417006917283 0.9144000411 -0.0150557221797
0.417006917283 0.9144000411 -0.0150557221797
0.414447552068 0.9144000411 -0.015332206484
0.414447552068 0.9144000411 -0.015332206484
0.411888012018 0.9144000411 -0.015607044935
0.411887982291 0.9144000411 -0.0156070470137
0.409328272705 0.9144000411 -0.0158803139528
0.409328272705 0.9144000411 -0.0158803139528
0.406768385066 0.9144000411 -0.0161518904543
0.406768385066 0.9144000411 -0.0161518904543
0.404208334807 0.9144000411 -0.016421995776
0.404208334807 0.9144000411 -0.016421995776
0.401648068033 0.9144000411 -0.0166902863904
0.401648068033 0.9144000411 -0.0166902863904
0.399087696794 0.9144000411 -0.0169570830829
0.399087667067 0.9144000411 -0.0169570851616
0.396527117716 0.9144000411 -0.0172221877017
0.396527117716 0.9144000411 -0.0172221877017
0.393966364482 0.9144000411 -0.0174856576268
0.393966335015 0.9144000411 -0.0174856634165
0.391405474458 0.9144000411 -0.0177475985495
0.391405444731 0.9144000411 -0.0177476006282
0.388844367139 0.9144000411 -0.0180077136122
0.388844367139 0.9144000411 -0.0180077136122
0.386283152137 0.9144000411 -0.0182662901787
0.38628312241 0.9144000411 -0.0182662922575
0.383721701907 0.9144000411 -0.0185232101787
0.383721701907 0.9144000411 -0.0185232101787
0.381160159008 0.9144000411 -0.0187783777641
0.38116012928 0.9144000411 -0.0187783798428
0.378598387537 0.9144000411 -0.0190319854239
0.378598387798 0.9144000411 -0.0190319891448
0.376036463684 0.9144000411 -0.0192838411057
0.376036463684 0.9144000411 -0.0192838411057
0.373474419254 0.9144000411 -0.0195339724681
0.373474389427 0.9144000411 -0.0195339745538
0.370912173542 0.9144000411 -0.0197825083849
0.370912143814 0.9144000411 -0.0197825104636
0.368349743479 0.9144000411 -0.0200292609471
0.368349743479 0.9144000411 -0.0200292609471
0.365787160155 0.9144000411 -0.0202742503955
0.365787160155 0.9144000411 -0.0202742503955
0.363224433124 0.9144000411 -0.0205176104993
0.363224403396 0.9144000411 -0.0205176125781
0.360661520863 0.9144000411 -0.0207591761028
0.360661491136 0.9144000411 -0.0207591781816
0.35809848039 0.9144000411 -0.0209989096271
0.358098450663 0.9144000411 -0.0209989117058
0.355535233117 0.9144000411 -0.0212369659314
0.355535233117 0.9144000411 -0.0212369659314
0.352971835701 0.9144000411 -0.0214733037229
0.352971835701 0.9144000411 -0.0214733037229
0.350408274307 0.9144000411 -0.0217077222878
0.350408274307 0.9144000411 -0.0217077222878
0.347844557572 0.9144000411 -0.0219403480215
0.347844527845 0.9144000411 -0.0219403501002
0.345280623803 0.9144000411 -0.0221711516061
0.345280594075 0.9144000411 -0.0221711536849
0.342716559681 0.9144000411 -0.0224000896392
0.342716559681 0.9144000411 -0.0224000896392
0.340152337361 0.9144000411 -0.0226271939509
0.340152337361 0.9144000411 -0.0226271939509
0.337587949924 0.9144000411 -0.0228523641992
0.337587920197 0.9144000411 -0.0228523662779
0.335023403868 0.9144000411 -0.0230756932772
0.335023374141 0.9144000411 -0.023075695356
0.33245865943 0.9144000411 -0.0232970383307
0.33245865943 0.9144000411 -0.0232970383307
0.329893753933 0.9144000411 -0.0235165087726
0.329893753933 0.9144000411 -0.0235165087726
0.327328707071 0.9144000411 -0.0237339576011
0.327328677344 0.9144000411 -0.0237339596799
0.324763495614 0.9144000411 -0.023949479798
0.324763466146 0.9144000411 -0.0239494855877
0.322198081256 0.9144000411 -0.0241629547917
0.322198081256 0.9144000411 -0.0241629547917
0.319632498504 0.9144000411 -0.0243744474029
0.319632498504 0.9144000411 -0.0243744474029
0.317066799077 0.9144000411 -0.0245838457114
0.317066769349 0.9144000411 -0.0245838477902
0.31450089857 0.9144000411 -0.024791222843
0.31450089857 0.9144000411 -0.024791222843
0.311934818134 0.9144000411 -0.0249964540786
0.311934818134 0.9144000411 -0.0249964540786
0.309368593214 0.9144000411 -0.0251996190996
0.309368593214 0.9144000411 -0.0251996190996
0.306802154221 0.9144000411 -0.0254005771274
0.306802154221 0.9144000411 -0.0254005771274
0.304235597874 0.9144000411 -0.0255994297028
0.304235598133 0.9144000411 -0.0255994334137
0.301668852242 0.9144000411 -0.0257960025987
0.301668822515 0.9144000411 -0.0257960046775
0.29910195641 0.9144000411 -0.0259904275198
0.299101926683 0.9144000411 -0.0259904295986
0.296534866877 0.9144000411 -0.0261825095857
0.296534866877 0.9144000411 -0.0261825095857
0.293967592737 0.9144000411 -0.0263723788688
0.293967592737 0.9144000411 -0.0263723788688
0.291400182013 0.9144000411 -0.026559867691
0.291400182013 0.9144000411 -0.026559867691
0.288832580447 0.9144000411 -0.0267450545481
0.288832580447 0.9144000411 -0.0267450545481
0.286264839437 0.9144000411 -0.026927820064
0.286264809709 0.9144000411 -0.0269278221428
0.283696871359 0.9144000411 -0.0271081927706
0.283696871359 0.9144000411 -0.0271081927706
0.281128791748 0.9144000411 -0.0272861160608
0.281128762021 0.9144000411 -0.0272861181396
0.278560477794 0.9144000411 -0.0274615424957
0.278560477794 0.9144000411 -0.0274615424957
0.275992049445 0.9144000411 -0.0276344786141
0.275992049445 0.9144000411 -0.0276344786141
0.273423408946 0.9144000411 -0.0278048080415
0.273423408946 0.9144000411 -0.0278048080415
0.270854651194 0.9144000411 -0.0279726062722
0.270854621467 0.9144000411 -0.027972608351
0.268285673496 0.9144000411 -0.0281376863243
0.268285643769 0.9144000411 -0.0281376884031
0.26571654518 0.9144000411 -0.0283001852354
0.26571654518 0.9144000411 -0.0283001852354
0.263147221446 0.9144000411 -0.0284598895507
0.263147221446 0.9144000411 -0.0284598895507
0.260577769287 0.9144000411 -0.0286169028894
0.260577739559 0.9144000411 -0.0286169049681
0.258008118592 0.9144000411 -0.0287710770411
0.258008118592 0.9144000411 -0.0287710770411
0.255438300908 0.9144000411 -0.0289224359336
0.255438300908 0.9144000411 -0.0289224359336
0.252868340505 0.9144000411 -0.0290708994486
0.252868310777 0.9144000411 -0.0290709015274
0.25029817455 0.9144000411 -0.0292164234417
0.25029817455 0.9144000411 -0.0292164234417
0.247727877882 0.9144000411 -0.0293590101477
0.247727863019 0.9144000411 -0.0293590111871
0.245157380492 0.9144000411 -0.0294985113494
0.245157380492 0.9144000411 -0.0294985113494
0.24258674865 0.9144000411 -0.0296350232381
0.242586733786 0.9144000411 -0.0296350242774
0.240015950961 0.9144000411 -0.029768309007
0.240015936097 0.9144000411 -0.0297683100463
0.237444969133 0.9144000411 -0.0298985342555
0.237444954269 0.9144000411 -0.0298985352949
0.234873827326 0.9144000411 -0.0300254022656
0.234873827326 0.9144000411 -0.0300254022656
0.232302538854 0.9144000411 -0.0301491063092
0.232302538854 0.9144000411 -0.0301491063092
0.229731084687 0.9144000411 -0.0302693713639
0.229731084687 0.9144000411 -0.0302693713639
0.227159490143 0.9144000411 -0.0303863487723
0.227159490143 0.9144000411 -0.0303863487723
0.224587722109 0.9144000411 -0.030499775704
0.224587722109 0.9144000411 -0.030499775704
0.222015819306 0.9144000411 -0.0306097801696
0.222015804443 0.9144000411 -0.030609781209
0.2194437504 0.9144000411 -0.0307161290673
0.219443735536 0.9144000411 -0.0307161301067
0.21687153747 0.9144000411 -0.0308189216987
0.216871522606 0.9144000411 -0.0308189227381
0.214299181248 0.9144000411 -0.0309179563614
0.214299166384 0.9144000411 -0.0309179574008
0.211726672067 0.9144000411 -0.0310133084033
0.211726672067 0.9144000411 -0.0310133084033
0.209154053372 0.9144000411 -0.0311047432726
0.209154038508 0.9144000411 -0.031104744312
0.206581273301 0.9144000411 -0.0311923766084
0.206581258437 0.9144000411 -0.0311923776478
0.204008357577 0.9144000411 -0.0312759340082
0.204008357577 0.9144000411 -0.0312759340082
0.201435332078 0.9144000411 -0.0313555705144
0.201435317215 0.9144000411 -0.0313555715537
0.198862174516 0.9144000411 -0.0314309702623
0.198862174516 0.9144000411 -0.0314309702623
0.196288898083 0.9144000411 -0.0315023190343
0.196288883219 0.9144000411 -0.0315023200736
0.193715509019 0.9144000411 -0.0315692803152
0.193715493636 0.9144000411 -0.0315692739227
0.191142001036 0.9144000411 -0.0316319777651
0.191141986173 0.9144000411 -0.0316319788045
0.188568404174 0.9144000411 -0.0316902001739
0.18856838931 0.9144000411 -0.0316902012133
0.185994701748 0.9144000411 -0.0317439225547
0.185994686884 0.9144000411 -0.031743923594
0.183420905604 0.9144000411 -0.0317930992698
0.18342089074 0.9144000411 -0.0317931003092
0.180847030038 0.9144000411 -0.031837508993
0.180847015174 0.9144000411 -0.0318375100324
0.178273066943 0.9144000411 -0.0318772493876
0.178273066943 0.9144000411 -0.0318772493876
0.175699040381 0.9144000411 -0.0319120237525
0.175699025517 0.9144000411 -0.0319120247919
0.173124952429 0.9144000411 -0.0319418618052
0.173124937306 0.9144000411 -0.0319418591336
0.170550799292 0.9144000411 -0.0319667078145
0.170550783908 0.9144000411 -0.0319667014221
0.16797660415 0.9144000411 -0.0319862539337
0.16797660415 0.9144000411 -0.0319862539337
0.165402391483 0.9144000411 -0.0320006366176
0.165402391223 0.9144000411 -0.0320006328966
0.162828147777 0.9144000411 -0.0320096626279
0.162828132653 0.9144000411 -0.0320096599464
0.160253885969 0.9144000411 -0.032013088319
0.160253871105 0.9144000411 -0.0320130893583
0.157679611156 0.9144000411 -0.0320109880262
0.157679610896 0.9144000411 -0.0320109843152
0.155105372658 0.9144000411 -0.0320032126659
0.155105357795 0.9144000411 -0.0320032137053
0.15253113077 0.9144000411 -0.0319915425749
0.152531115906 0.9144000411 -0.0319915436142
0.149956859469 0.9144000411 -0.0319792396941
0.149956844605 0.9144000411 -0.0319792407335
0.14738260489 0.9144000411 -0.0319629025095
0.147382590026 0.9144000411 -0.0319629035489
0.144808351181 0.9144000411 -0.0319408105659
0.144808336317 0.9144000411 -0.0319408116052
0.142234155511 0.9144000411 -0.0319127134053
0.142234140647 0.9144000411 -0.0319127144447
0.139659953433 0.9144000411 -0.031879183167
0.139659953433 0.9144000411 -0.031879183167
0.137085824362 0.9144000411 -0.0318402889696
0.137085809498 0.9144000411 -0.031840290009
0.134511721364 0.9144000411 -0.0317953581887
0.134511721364 0.9144000411 -0.0317953581887
0.131937704575 0.9144000411 -0.0317439720893
0.131937689451 0.9144000411 -0.0317439694078
0.129363767487 0.9144000411 -0.0316862468885
0.129363752623 0.9144000411 -0.0316862479279
0.126789913491 0.9144000411 -0.0316227686674
0.126789898497 0.9144000411 -0.0316227678414
0.124216141673 0.9144000411 -0.0315532032358
0.124216134162 0.9144000411 -0.0315532018965
0.121642505323 0.9144000411 -0.031476708525
0.121642497712 0.9144000411 -0.0314767071927
0.119069007616 0.9144000411 -0.0313930116889
0.119069000134 0.9144000411 -0.0313930122121
0.116495659179 0.9144000411 -0.0313025843853
0.116495651566 0.9144000411 -0.031302583043
0.113922421997 0.9144000411 -0.031206058505
0.113922414615 0.9144000411 -0.0312060590212
0.111326624544 0.9144000411 -0.0311015632466
0.111326617162 0.9144000411 -0.0311015637628
0.108854600638 0.9144000411 -0.0309951590621
0.108854593126 0.9144000411 -0.0309951577229
0.106500487608 0.9144000411 -0.0308870654653
0.106500479996 0.9144000411 -0.030887064123
0.104258663718 0.9144000411 -0.0307776344762
0.104258656107 0.9144000411 -0.0307776331439
0.102123777976 0.9144000411 -0.0306677799072
0.102123762983 0.9144000411 -0.0306677790911
0.100090613427 0.9144000411 -0.0305594779486
0.100090605865 0.9144000411 -0.0305594766128
0.0981543240045 0.9144000411 -0.0304528508727
0.0981543164422 0.9144000411 -0.0304528495269
0.0963103861246 0.9144000411 -0.0303468668753
0.0963103786928 0.9144000411 -0.030346867395
0.0945544114698 0.9144000411 -0.0302415732953
0.0945544039082 0.9144000411 -0.0302415719595
0.0928821826953 0.9144000411 -0.0301373266383
0.0928821825656 0.9144000411 -0.0301373247828
0.0912898249787 0.9144000411 -0.0300330796371
0.0912898175369 0.9144000411 -0.0300330801575
0.089773471506 0.9144000411 -0.0299300362698
0.0897734640741 0.9144000411 -0.0299300367895
0.0897734565125 0.9144000411 -0.0299300354537
0.0883290619844 0.9144000411 -0.0298331484508
0.0883290544228 0.9144000411 -0.0298331471151
0.0868847647691 0.9144000411 -0.0297329534516
0.0868847572075 0.9144000411 -0.0297329521159
0.0854405929312 0.9144000411 -0.0296298517961
0.0854405853696 0.9144000411 -0.0296298504603
0.0839963930769 0.9144000411 -0.029525067887
0.0839963929471 0.9144000411 -0.0295250660315
0.082552265347 0.9144000411 -0.0294175771129
0.0825522579151 0.9144000411 -0.0294175776326
0.0811082227428 0.9144000411 -0.0293070312588
0.0811082153109 0.9144000411 -0.0293070317785
0.0796642705029 0.9144000411 -0.0291932917816
0.079664263071 0.9144000411 -0.0291932923013
0.0782204425743 0.9144000411 -0.0290762032047
0.0782204425743 0.9144000411 -0.0290762032047
0.076776747974 0.9144000411 -0.0289556808729
0.0767767404017 0.9144000411 -0.0289556795278
0.0753331818835 0.9144000411 -0.0288316560247
0.0753331817537 0.9144000411 -0.0288316541692
0.0738897534713 0.9144000411 -0.0287040458889
0.0738897459097 0.9144000411 -0.0287040445531
0.0724464665195 0.9144000411 -0.0285727978938
0.0724464663898 0.9144000411 -0.0285727960383
0.0710032367653 0.9144000411 -0.0284385229151
0.0710032367653 0.9144000411 -0.0284385229151
0.0695598382168 0.9144000411 -0.0283030087223
0.0695598306452 0.9144000411 -0.0283030073872
0.0681161743768 0.9144000411 -0.0281666915192
0.068116166945 0.9144000411 -0.0281666920389
0.0666724045986 0.9144000411 -0.0280280047839
0.0666723971668 0.9144000411 -0.0280280053036
0.0652286429662 0.9144000411 -0.0278859098482
0.0652286355343 0.9144000411 -0.0278859103679
0.0637849297877 0.9144000411 -0.0277400752729
0.0637849259364 0.9144000411 -0.0277400736677
0.0623412991553 0.9144000411 -0.0275902409965
0.0623412953039 0.9144000411 -0.0275902393912
0.060897757414 0.9144000411 -0.0274363374868
0.0608977498524 0.9144000411 -0.027436336151
0.0594542166462 0.9144000411 -0.0272784960066
0.0594542092143 0.9144000411 -0.0272784965263
0.0580106704937 0.9144000411 -0.0271166254874
0.0580106593409 0.9144000411 -0.0271166262673
0.0565671267383 0.9144000411 -0.0269505704277
0.0565671154557 0.9144000411 -0.0269505693521
0.0551234974922 0.9144000411 -0.0267806226491
0.0551234899306 0.9144000411 -0.0267806213133
0.0536794740105 0.9144000411 -0.026608614913
0.0536794665786 0.9144000411 -0.0266086154326
0.0522345834948 0.9144000411 -0.026436811576
0.0522345797739 0.9144000411 -0.0264368118362
0.0507889886989 0.9144000411 -0.0262638550179
0.0507889811374 0.9144000411 -0.0262638536821
0.0493429909288 0.9144000411 -0.0260874854059
0.0493429870775 0.9144000411 -0.0260874838006
0.0478965044151 0.9144000411 -0.0259072773968
0.0478965005645 0.9144000411 -0.0259072758015
0.0464494812263 0.9144000411 -0.0257230793948
0.046449473664 0.9144000411 -0.025723078049
0.0450019759336 0.9144000411 -0.0255343367321
0.0450019651707 0.9144000411 -0.0255343430883
0.0432338017608 0.9144000411 -0.0269164679595
0.0432337947189 0.9144000411 -0.0269164740556
0.0414356022927 0.9144000411 -0.0283440344638
0.0414355947304 0.9144000411 -0.028344033118
0.0399775733647 0.9144000411 -0.0280886948259
0.0399775658024 0.9144000411 -0.0280886934801
0.0385240307776 0.9144000411 -0.0278031477027
0.0385240194944 0.9144000411 -0.0278031466172
0.0370701393933 0.9144000411 -0.0275089275835
0.0370701355419 0.9144000411 -0.0275089259782
0.0356164781403 0.9144000411 -0.0272036861337
0.035616474289 0.9144000411 -0.0272036845284
0.0341631924087 0.9144000411 -0.0268879005238
0.0341631848464 0.9144000411 -0.026887899178
0.0327100150945 0.9144000411 -0.0265619964731
0.0327100093884 0.9144000411 -0.0265619950075
0.0312567370324 0.9144000411 -0.0262261604063
0.0312567294708 0.9144000411 -0.0262261590705
0.0298027002555 0.9144000411 -0.0258805690213
0.0298026945494 0.9144000411 -0.0258805675558
0.0283483473502 0.9144000411 -0.0255219387262
0.028348341644 0.9144000411 -0.0255219372606
0.0268944494905 0.9144000411 -0.0251479469489
0.0268944437843 0.9144000411 -0.0251479454833
0.0254414091456 0.9144000411 -0.0247573798778
0.0254414034394 0.9144000411 -0.0247573784123
0.0239889237921 0.9144000411 -0.024351438742
0.0239889162305 0.9144000411 -0.0243514374062
0.0225354242786 0.9144000411 -0.0239320089728
0.0225354167163 0.9144000411 -0.0239320076271
0.0210810990366 0.9144000411 -0.0234952701696
0.0210810933397 0.9144000411 -0.0234952686934
0.0196270589928 0.9144000411 -0.0230364150477
0.0196270532218 0.9144000411 -0.0230364126545
0.0181748536696 0.9144000411 -0.0225521825141
0.0181748460425 0.9144000411 -0.0225521802406
0.0167227805697 0.9144000411 -0.0220470907149
0.016722774808 0.9144000411 -0.022047088311
0.015268494248 0.9144000411 -0.0215216967072
0.0152684875586 0.9144000411 -0.0215216943681
0.0138131038048 0.9144000411 -0.0209669482631
0.0138130980338 0.9144000411 -0.0209669458698
0.0123623446131 0.9144000411 -0.020369031353
0.0123623388421 0.9144000411 -0.0203690289597
0.0109161540159 0.9144000411 -0.0197302273951
0.0109161463885 0.9144000411 -0.0197302251316
0.0094672862583 0.9144000411 -0.0190589459629
0.00946728048929 0.9144000411 -0.0190589435695
0.00801267726828 0.9144000411 -0.0183496195453
0.00801267050425 0.9144000411 -0.0183496162831
0.00655524490156 0.9144000411 -0.0175914991317
0.00655523860246 0.9144000411 -0.017591495838
0.00509080352121 0.9144000411 -0.0167879312083
0.00509079718961 0.9144000411 -0.0167879274498
0.00362350470522 0.9144000411 -0.0159172652391
0.00362349857454 0.9144000411 -0.0159172609994
0.00225540985131 0.9144000411 -0.014942317052
0.00225540461586 0.9144000411 -0.0149423122826
0.00106027200349 0.9144000411 -0.0138566073577
0.00106026749443 0.9144000411 -0.0138566025385
2.09365971465e-05 0.9144000411 -0.0127033149002
2.09328394714e-05 0.9144000411 -0.0127033095613
-0.000828185075326 0.9144000411 -0.0114956926247
-0.000828187903172 0.9144000411 -0.0114956872208
-0.0014561293657 0.9144000411 -0.0102028333415
-0.00145612983265 0.9144000411 -0.0102028266639
-0.00157030183767 0.9144000411 -0.00863064296718
-0.00157030471726 0.9144000411 -0.00863063850057
-0.00222690926895 0.9144000411 -0.00758584005985
-0.00222691933775 0.9144000411 -0.00758583959709
-0.00454409999724 0.9144000411 -0.00749137067538
-0.00454410856997 0.9144000411 -0.00749136824045
-0.00643855010617 0.9144000411 -0.00689745926532
-0.00643855693407 0.9144000411 -0.0068974550754
-0.00799672512214 0.9144000411 -0.00594365782754
-0.00799673108633 0.9144000411 -0.00594365264295
-0.00941841811405 0.9144000411 -0.00475437685072
-0.00941842507192 0.9144000411 -0.00475437080234
-0.010732571588 0.9144000411 -0.00336135074243
-0.0107325758187 0.9144000411 -0.00336134356908
-0.0118871815307 0.9144000411 -0.0017713199545
-0.0118871848336 0.9144000411 -0.00177131271727
-0.0127802704176 0.9144000411 -1.11755391488e-06
-0.0127802728577 0.9144000411 -1.10932407518e-06
-0.0133412105763 0.9144000411 0.00188996236427
-0.0133412112265 0.9144000411 0.00188997166157
-0.0136253762044 0.9144000411 0.0038496472159
-0.0136253758612 0.9144000411 0.00384965564036
-0.0136446825376 0.9144000411 0.00584279317756
-0.0136446813323 0.9144000411 0.00584280260461
-0.0133395444725 0.9144000411 0.00780719559855
-0.0133395412813 0.9144000411 0.0078072032899
-0.0126743191461 0.9144000411 0.00966376262554
-0.0126743159449 0.9144000411 0.00966377031758
-0.0117018858726 0.9144000411 0.0113630877021
-0.0117018806862 0.9144000411 0.0113630936684
-0.010510528813 0.9144000411 0.0128893962806
-0.0105105236286 0.9144000411 0.0128894022467
-0.00916068470508 0.9144000411 0.0142464183231
-0.00916067753342 0.9144000411 0.0142464225637
-0.00767127470404 0.9144000411 0.0154416830977
-0.00767126600834 0.9144000411 0.0154416855703
-0.00573118415605 0.9144000411 0.0161452450245
-0.00573116386652 0.9144000411 0.016145235246
-0.00102760774865 0.9144000411 0.0137432853557
-0.00102759185624 0.9144000411 0.0137432771242
0.00267578828226 0.9144000411 0.0117984576411
0.00267579512049 0.9144000411 0.0117984599838
0.0042233151824 0.9144000411 0.012177137987
0.0042233224855 0.9144000411 0.0121771403622
0.00577585393045 0.9144000411 0.0125907604188
0.00577586123356 0.9144000411 0.0125907627941
0.00731748315303 0.9144000411 0.0130334745366
0.0073174895264 0.9144000411 0.0130334768468
0.00880597876829 0.9144000411 0.0134796973683
0.00880598514266 0.9144000411 0.0134796996785
0.0102581146694 0.9144000411 0.0139288952315
0.0102581210438 0.9144000411 0.0139288975418
0.011683108558 0.9144000411 0.0143824259684
0.0116831149323 0.9144000411 0.0143824282787
0.0130885071124 0.9144000411 0.0148400965483
0.0130885136165 0.9144000411 0.0148400970031
0.0144824488284 0.9144000411 0.0152966952585
0.0144824542751 0.9144000411 0.0152966975039
0.01586996025 0.9144000411 0.0157485497574
0.015869965696 0.9144000411 0.0157485520128
0.0172536266497 0.9144000411 0.0161941361022
0.0172536320856 0.9144000411 0.0161941383569
0.0186348529297 0.9144000411 0.0166336832317
0.0186348583763 0.9144000411 0.0166336854771
0.0200153111085 0.9144000411 0.017065950608
0.0200153165552 0.9144000411 0.0170659528534
0.0213962239641 0.9144000411 0.0174897932587
0.0213962294107 0.9144000411 0.0174897955041
0.0227781367026 0.9144000411 0.0179049710907
0.022778144004 0.9144000411 0.0179049734759
0.0241612939384 0.9144000411 0.0183117775723
0.024161299385 0.9144000411 0.0183117798177
0.0255460872432 0.9144000411 0.0187098199413
0.0255460926899 0.9144000411 0.0187098221867
0.0269329560882 0.9144000411 0.0190982607036
0.0269329615348 0.9144000411 0.019098262949
0.0283220097275 0.9144000411 0.0194770327971
0.0283220170296 0.9144000411 0.0194770351723
0.0297116900871 0.9144000411 0.0198518622644
0.0297116975189 0.9144000411 0.0198518627841
0.0311006956283 0.9144000411 0.020228198038
0.0311007029297 0.9144000411 0.0202282004231
0.0324914609693 0.9144000411 0.0205978453563
0.0324914684011 0.9144000411 0.020597845876
0.0338851765556 0.9144000411 0.0209562232014
0.0338851802666 0.9144000411 0.0209562234609
0.0352815880767 0.9144000411 0.0213039243676
0.0352815916579 0.9144000411 0.0213039264825
0.0366805176511 0.9144000411 0.0216413565295
0.0366805249525 0.9144000411 0.0216413589146
0.0380817979468 0.9144000411 0.0219688833004
0.0380818089698 0.9144000411 0.0219688859357
0.0394852642576 0.9144000411 0.0222869375454
0.0394852679785 0.9144000411 0.0222869378056
0.0408907428848 0.9144000411 0.0225959739255
0.040890746466 0.9144000411 0.0225959760404
0.0422980908154 0.9144000411 0.0228963820034
0.0422980943959 0.9144000411 0.0228963841283
0.043707175464 0.9144000411 0.0231885091668
0.0437071790452 0.9144000411 0.0231885112817
0.0451178993025 0.9144000411 0.023472628658
0.0451179066046 0.9144000411 0.0234726310331
0.0465301614707 0.9144000411 0.0237490079028
0.0465301689025 0.9144000411 0.0237490084225
0.0479438761588 0.9144000411 0.024017859363
0.0479438797499 0.9144000411 0.0240178614786
0.0493589441586 0.9144000411 0.0242794804526
0.0493589515905 0.9144000411 0.0242794809722
0.0507752822642 0.9144000411 0.0245341529138
0.0507752859851 0.9144000411 0.0245341531739
0.05219280425 0.9144000411 0.0247821489147
0.0521928115521 0.9144000411 0.0247821512899
0.0536114571793 0.9144000411 0.0250235842549
0.0536114608902 0.9144000411 0.0250235845144
0.055031170458 0.9144000411 0.0252587210183
0.0550311741789 0.9144000411 0.0252587212785
0.0564518868098 0.9144000411 0.0254876840235
0.0564518942416 0.9144000411 0.0254876845432
0.0578735603224 0.9144000411 0.0257106493168
0.0578735639036 0.9144000411 0.0257106514318
0.0592961268124 0.9144000411 0.0259278402049
0.0592961342442 0.9144000411 0.0259278407246
0.060719554176 0.9144000411 0.0261393422067
0.0607195616079 0.9144000411 0.0261393427264
0.0621437722008 0.9144000411 0.0263454118092
0.0621437796326 0.9144000411 0.0263454123288
0.0635687503851 0.9144000411 0.026546164516
0.0635687578169 0.9144000411 0.0265461650356
0.064994458127 0.9144000411 0.0267417176984
0.064994458127 0.9144000411 0.0267417176984
0.066420851252 0.9144000411 0.0269321690829
0.066420851252 0.9144000411 0.0269321690829
0.0678478980987 0.9144000411 0.0271176509032
0.0678479055305 0.9144000411 0.0271176514229
0.0692755595953 0.9144000411 0.0272982948545
0.0692755670271 0.9144000411 0.0272982953742
0.0707038199736 0.9144000411 0.0274742193453
0.0707038274055 0.9144000411 0.027474219865
0.0721326332498 0.9144000411 0.0276455481194
0.0721326406917 0.9144000411 0.0276455486397
0.0735619770237 0.9144000411 0.0278123879142
0.0735619844555 0.9144000411 0.0278123884338
0.074991836587 0.9144000411 0.0279748422659
0.0749918437593 0.9144000411 0.0279748464965
0.0764221685343 0.9144000411 0.0281329977576
0.0764221759662 0.9144000411 0.0281329982773
0.0778529671491 0.9144000411 0.0282869361398
0.0778529671491 0.9144000411 0.0282869361398
0.0792841982849 0.9144000411 0.0284367185293
0.0792842057168 0.9144000411 0.028436719049
0.0807158475044 0.9144000411 0.0285824447322
0.0807158546761 0.9144000411 0.0285824489728
0.0821479065759 0.9144000411 0.0287241253802
0.0821479140078 0.9144000411 0.0287241258999
0.0835803287866 0.9144000411 0.0288621082418
0.0835803362184 0.9144000411 0.0288621087615
0.0850131189188 0.9144000411 0.028996218124
0.0850131189188 0.9144000411 0.028996218124
0.0864462511942 0.9144000411 0.0291266100762
0.0878797009683 0.9144000411 0.0292533159869
0.0878797084002 0.9144000411 0.0292533165066
0.087879715832 0.9144000411 0.0292533170263
0.0893124573254 0.9144000411 0.02937637346
0.0893124573254 0.9144000411 0.02937637346
0.0908171684596 0.9144000411 0.0295016654376
0.0908171758914 0.9144000411 0.0295016659573
0.0923974459283 0.9144000411 0.0296292390844
0.0923974533701 0.9144000411 0.0296292396048
0.0940570847139 0.9144000411 0.0297587622757
0.0940570921457 0.9144000411 0.0297587627954
0.0958000729048 0.9144000411 0.0298900246543
0.0958000803367 0.9144000411 0.029890025174
0.097630590223 0.9144000411 0.0300226388691
0.0976305976549 0.9144000411 0.0300226393888
0.0995530373404 0.9144000411 0.0301562628422
0.0995530447224 0.9144000411 0.0301562633584
0.101572005244 0.9144000411 0.0302907134587
0.101572012726 0.9144000411 0.0302907139819
0.103692354934 0.9144000411 0.0304252626212
0.103692362416 0.9144000411 0.0304252631444
0.10591913486 0.9144000411 0.030559703167
0.105919142242 0.9144000411 0.0305597036832
0.108257702337 0.9144000411 0.0306933603801
0.108257709719 0.9144000411 0.0306933608963
0.110713645062 0.9144000411 0.030825579333
0.110713659925 0.9144000411 0.0308255803724
0.113292834383 0.9144000411 0.0309558146118
0.113292849247 0.9144000411 0.0309558156512
0.115868173885 0.9144000411 0.0310772326725
0.115868188749 0.9144000411 0.0310772337119
0.118443904331 0.9144000411 0.031190283171
0.118443911713 0.9144000411 0.0311902836872
0.121019966578 0.9144000411 0.0312951710912
0.121019981441 0.9144000411 0.0312951721306
0.123596344934 0.9144000411 0.0313921194016
0.123596359797 0.9144000411 0.0313921204409
0.126173004779 0.9144000411 0.0314813049379
0.126173019643 0.9144000411 0.0314813059773
0.128749922262 0.9144000411 0.0315629612854
0.128749922262 0.9144000411 0.0315629612854
0.131327040996 0.9144000411 0.0316372525605
0.131327040996 0.9144000411 0.0316372525605
0.133904378856 0.9144000411 0.0317043517916
0.133904378856 0.9144000411 0.0317043517916
0.136481879036 0.9144000411 0.031764430524
0.136481894159 0.9144000411 0.0317644278525
0.13905953478 0.9144000411 0.0318175853818
0.13905953478 0.9144000411 0.0318175853818
0.141637319173 0.9144000411 0.0318639862513
0.141637334036 0.9144000411 0.0318639872907
0.144215200816 0.9144000411 0.0319038699592
0.14421521581 0.9144000411 0.0319038691331
0.146793185091 0.9144000411 0.0319373731637
0.14679318522 0.9144000411 0.0319373713082
0.149371235122 0.9144000411 0.0319645959965
0.149371249986 0.9144000411 0.0319645970358
0.151949363596 0.9144000411 0.0319855692173
0.151949378459 0.9144000411 0.0319855702567
0.154527521134 0.9144000411 0.0320005731849
0.154527535998 0.9144000411 0.0320005742243
0.157105710777 0.9144000411 0.0320097780256
0.157105710777 0.9144000411 0.0320097780256
0.159683905816 0.9144000411 0.0320131370625
0.15968392068 0.9144000411 0.0320131381019
0.162262108221 0.9144000411 0.0320108371485
0.162262123215 0.9144000411 0.0320108363324
0.164840289097 0.9144000411 0.0320030779239
0.164840304091 0.9144000411 0.0320030770978
0.167418462816 0.9144000411 0.0319898659877
0.16741847781 0.9144000411 0.0319898651716
0.169996593225 0.9144000411 0.0319712940536
0.169996608218 0.9144000411 0.0319712932375
0.172574676048 0.9144000411 0.0319476325521
0.172574691042 0.9144000411 0.031947631736
0.17515271899 0.9144000411 0.0319187756028
0.175152733854 0.9144000411 0.0319187766422
0.177730721255 0.9144000411 0.0318849453312
0.177730721255 0.9144000411 0.0318849453312
0.18030861309 0.9144000411 0.0318462862538
0.180308628085 0.9144000411 0.0318462854278
0.182886448055 0.9144000411 0.0318026732618
0.18288646305 0.9144000411 0.0318026724357
0.185464201752 0.9144000411 0.0317544538197
0.185464201882 0.9144000411 0.0317544519643
0.188041863963 0.9144000411 0.031701561874
0.188041878827 0.9144000411 0.0317015629134
0.190619424456 0.9144000411 0.0316441423337
0.19061943945 0.9144000411 0.0316441415076
0.193196876413 0.9144000411 0.0315822955478
0.193196891406 0.9144000411 0.0315822947317
0.195774235567 0.9144000411 0.0315160058355
0.19577425056 0.9144000411 0.0315160050194
0.198351469164 0.9144000411 0.0314455322933
0.198351484158 0.9144000411 0.0314455314772
0.200928574745 0.9144000411 0.0313706936378
0.200928589608 0.9144000411 0.0313706946772
0.203505586266 0.9144000411 0.0312918600798
0.203505586397 0.9144000411 0.0312918582144
0.206082442274 0.9144000411 0.0312088424615
0.206082457138 0.9144000411 0.0312088435009
0.208659181594 0.9144000411 0.0311219385266
0.208659196587 0.9144000411 0.0311219377105
0.211235768569 0.9144000411 0.0310310188124
0.211235783562 0.9144000411 0.0310310179963
0.213812246283 0.9144000411 0.0309363215948
0.213812261276 0.9144000411 0.0309363207787
0.216388559599 0.9144000411 0.0308377795335
0.216388574693 0.9144000411 0.0308377787244
0.218964741096 0.9144000411 0.0307355704141
0.218964741096 0.9144000411 0.0307355704141
0.221540762823 0.9144000411 0.0306296624296
0.221540762953 0.9144000411 0.0306296605641
0.224116643894 0.9144000411 0.0305202137384
0.224116658758 0.9144000411 0.0305202147778
0.226692357631 0.9144000411 0.0304071758013
0.226692372755 0.9144000411 0.0304071731198
0.229267921777 0.9144000411 0.0302907235121
0.229267936771 0.9144000411 0.030290722686
0.23184334078 0.9144000411 0.0301707918226
0.231843355774 0.9144000411 0.0301707910065
0.234418600836 0.9144000411 0.0300475795742
0.234418600967 0.9144000411 0.0300475777088
0.2369936941 0.9144000411 0.0299209853627
0.236993708964 0.9144000411 0.0299209864021
0.239568634055 0.9144000411 0.0297912435596
0.239568649048 0.9144000411 0.0297912427435
0.242143386926 0.9144000411 0.0296581949409
0.24214340192 0.9144000411 0.0296581941148
0.244718008292 0.9144000411 0.0295221141326
0.244718023155 0.9144000411 0.0295221151719
0.247292435526 0.9144000411 0.0293828287261
0.247292450519 0.9144000411 0.02938282791
0.249866725047 0.9144000411 0.0292405984597
0.249866725047 0.9144000411 0.0292405984597
0.252440826048 0.9144000411 0.0290952984049
0.252440826048 0.9144000411 0.0290952984049
0.255014770083 0.9144000411 0.0289471137742
0.255014770083 0.9144000411 0.0289471137742
0.257588531495 0.9144000411 0.0287959886112
0.257588531495 0.9144000411 0.0287959886112
0.260162132795 0.9144000411 0.0286420253159
0.260162132925 0.9144000411 0.0286420234604
0.262735542665 0.9144000411 0.0284852459874
0.262735542796 0.9144000411 0.0284852441219
0.265308788885 0.9144000411 0.0283256805564
0.265308818743 0.9144000411 0.0283256807797
0.267881894326 0.9144000411 0.0281634277288
0.267881894456 0.9144000411 0.0281634258733
0.270454832738 0.9144000411 0.0279984371207
0.270454832738 0.9144000411 0.0279984371207
0.273027562959 0.9144000411 0.0278308701642
0.273027592817 0.9144000411 0.0278308703775
0.275600152891 0.9144000411 0.0276606102416
0.275600153021 0.9144000411 0.0276606083761
0.278172528686 0.9144000411 0.0274878575694
0.278172558543 0.9144000411 0.0274878577926
0.280744788591 0.9144000411 0.0273124902038
0.280744818448 0.9144000411 0.0273124904271
0.283316859899 0.9144000411 0.0271346934946
0.283316860029 0.9144000411 0.0271346916391
0.285888748096 0.9144000411 0.0269543875499
0.285888748227 0.9144000411 0.0269543856845
0.288460445198 0.9144000411 0.0267716894278
0.288460475055 0.9144000411 0.0267716896511
0.291031982744 0.9144000411 0.0265865724134
0.291032012537 0.9144000411 0.0265865735644
0.293603356189 0.9144000411 0.0263991015179
0.293603385982 0.9144000411 0.0263991026689
0.29617459351 0.9144000411 0.026209306726
0.296174593575 0.9144000411 0.0262093057982
0.298745634142 0.9144000411 0.0260171968644
0.298745634272 0.9144000411 0.0260171950089
0.301316503041 0.9144000411 0.0258228436987
0.301316503171 0.9144000411 0.0258228418332
0.303887172623 0.9144000411 0.025626214485
0.303887202481 0.9144000411 0.0256262146983
0.306457695098 0.9144000411 0.0254274155744
0.306457695163 0.9144000411 0.0254274146466
0.309028044994 0.9144000411 0.0252263854401
0.309028074852 0.9144000411 0.0252263856634
0.311598243335 0.9144000411 0.0250232506471
0.311598243465 0.9144000411 0.0250232487916
0.314168266369 0.9144000411 0.0248179236551
0.3141682665 0.9144000411 0.0248179217897
0.316738103603 0.9144000411 0.0246105530844
0.31673813346 0.9144000411 0.0246105533077
0.319307761762 0.9144000411 0.0244010442032
0.319307791619 0.9144000411 0.0244010444264
0.321877291142 0.9144000411 0.0241895321491
0.321877291207 0.9144000411 0.0241895312214
0.324446607756 0.9144000411 0.0239759363675
0.324446637613 0.9144000411 0.0239759365908
0.327015793057 0.9144000411 0.0237603736546
0.327015822979 0.9144000411 0.0237603729501
0.329584821376 0.9144000411 0.0235427824588
0.329584821441 0.9144000411 0.0235427815301
0.332153656392 0.9144000411 0.0233232564047
0.332153656587 0.9144000411 0.0233232536175
0.334722330758 0.9144000411 0.0231017557612
0.334722330887 0.9144000411 0.0231017539038
0.337290839825 0.9144000411 0.0228783455575
0.33729083989 0.9144000411 0.0228783446288
0.339859153901 0.9144000411 0.0226530246505
0.33985915403 0.9144000411 0.022653022792
0.34242733218 0.9144000411 0.0224258009126
0.342427362038 0.9144000411 0.0224258011339
0.344995340876 0.9144000411 0.0221967303324
0.344995340974 0.9144000411 0.0221967289388
0.34756315351 0.9144000411 0.0219657643775
0.347563153672 0.9144000411 0.0219657620551
0.350130822094 0.9144000411 0.021733012182
0.350130851918 0.9144000411 0.0217330128671
0.352698323465 0.9144000411 0.0214983792339
0.352698353322 0.9144000411 0.0214983794542
0.355265679815 0.9144000411 0.0212619753798
0.35526570964 0.9144000411 0.021261976065
0.357832840915 0.9144000411 0.0210236645394
0.357832841045 0.9144000411 0.021023662681
0.36039984861 0.9144000411 0.0207837012418
0.360399848707 0.9144000411 0.0207836998482
0.362966706186 0.9144000411 0.0205420413706
0.362966736076 0.9144000411 0.020542041127
0.365533370848 0.9144000411 0.0202984396662
0.365533400673 0.9144000411 0.0202984403514
0.368099881197 0.9144000411 0.0200531985108
0.368099911054 0.9144000411 0.0200531987321
0.370666236846 0.9144000411 0.019806326281
0.37066626672 0.9144000411 0.0198063262698
0.373232398493 0.9144000411 0.0195575277789
0.373232398623 0.9144000411 0.0195575259204
0.375798432844 0.9144000411 0.0193071320934
0.37579843299 0.9144000411 0.0193071300035
0.378364280931 0.9144000411 0.0190551281
0.378364310788 0.9144000411 0.0190551283213
0.380929961765 0.9144000411 0.0188012439337
0.380929961895 0.9144000411 0.0188012420762
0.383495453644 0.9144000411 0.018545788499
0.383495453774 0.9144000411 0.0185457866406
0.38606082145 0.9144000411 0.0182886912347
0.386060821584 0.9144000411 0.0182886893185
0.388625984653 0.9144000411 0.0180298192792
0.388625984786 0.9144000411 0.0180298173775
0.391191016273 0.9144000411 0.0177694114583
0.391191016405 0.9144000411 0.0177694095712
0.393755840367 0.9144000411 0.0175072707536
0.393755870228 0.9144000411 0.0175072709161
0.396320510117 0.9144000411 0.0172434924634
0.396320510246 0.9144000411 0.0172434906059
0.398885049211 0.9144000411 0.0169781664696
0.39888504934 0.9144000411 0.0169781646121
0.401449355155 0.9144000411 0.0167110468379
0.401449385012 0.9144000411 0.0167110470581
0.404013525809 0.9144000411 0.0164424428961
0.404013555667 0.9144000411 0.0164424431164
0.406577519687 0.9144000411 0.0161720964043
0.406577519817 0.9144000411 0.0161720945458
0.40914135412 0.9144000411 0.0159001838582
0.409141354266 0.9144000411 0.0159001817673
0.411705002678 0.9144000411 0.0156266574289
0.411705002808 0.9144000411 0.0156266555705
0.414268468139 0.9144000411 0.0153514773994
0.414268468269 0.9144000411 0.0153514755419
0.416831775113 0.9144000411 0.0150747176121
0.416831775243 0.9144000411 0.0150747157546
0.419394870467 0.9144000411 0.0147962863593
0.419394900324 0.9144000411 0.0147962865806
0.421957864595 0.9144000411 0.0145163108617
0.421957864725 0.9144000411 0.0145163090032
0.424520618771 0.9144000411 0.014234640444
0.424520648628 0.9144000411 0.0142346406643
0.427083212786 0.9144000411 0.0139514141912
0.427083242643 0.9144000411 0.0139514144115
0.429645623869 0.9144000411 0.0136665334164
0.429645624031 0.9144000411 0.0136665310941
0.432207879014 0.9144000411 0.0133800364179
0.432207879176 0.9144000411 0.0133800340955
0.434769917339 0.9144000411 0.0130919408778
0.434769947197 0.9144000411 0.0130919410981
0.4373318034 0.9144000411 0.0128021780228
0.43733180353 0.9144000411 0.0128021761643
0.439893468513 0.9144000411 0.0125108742206
0.439893468643 0.9144000411 0.0125108723621
0.442454957354 0.9144000411 0.0122178206679
0.442454987276 0.9144000411 0.0122178199595
0.445016287431 0.9144000411 0.0119231913058
0.445016287561 0.9144000411 0.0119231894484
0.447577401337 0.9144000411 0.0116269541169
0.447577401468 0.9144000411 0.0116269522515
0.450138337082 0.9144000411 0.0113289913116
0.450138337212 0.9144000411 0.0113289894561
0.452699056333 0.9144000411 0.0110294253191
0.452699056463 0.9144000411 0.0110294234636
0.455259619488 0.9144000411 0.0107282482333
0.455259649346 0.9144000411 0.0107282484466
0.457819976278 0.9144000411 0.0104253202171
0.457819976408 0.9144000411 0.0104253183616
0.460380090519 0.9144000411 0.0101207358567
0.460380120377 0.9144000411 0.01012073607
0.462940050089 0.9144000411 0.00981451714587
0.462940080011 0.9144000411 0.00981451644141
0.465499799271 0.9144000411 0.00950660792109
0.465499829228 0.9144000411 0.00950660815134
0.468059337546 0.9144000411 0.00919701561421
0.468059367403 0.9144000411 0.00919701582751
0.470618699577 0.9144000411 0.00888567168642
0.470618699707 0.9144000411 0.00888566983095
0.473177792056 0.9144000411 0.00857262750385
0.473177821914 0.9144000411 0.00857262772712
0.475736735551 0.9144000411 0.00825786909287
0.475736765409 0.9144000411 0.00825786930617
0.478295441854 0.9144000411 0.00794137627132
0.478295441984 0.9144000411 0.00794137441585
0.480853911225 0.9144000411 0.00762314532825
0.480853911355 0.9144000411 0.00762314347278
0.483412203799 0.9144000411 0.00730316927139
0.483412203929 0.9144000411 0.00730316741593
0.485970230752 0.9144000411 0.00698143815058
0.48597026061 0.9144000411 0.00698143837385
0.488528056218 0.9144000411 0.00665788923662
0.488528056478 0.9144000411 0.0066578855157
0.49108564891 0.9144000411 0.00633254273635
0.491085678767 0.9144000411 0.00633254295963
0.493643007039 0.9144000411 0.00600542280381
0.493643036896 0.9144000411 0.00600542302708
0.496200161601 0.9144000411 0.00567651480553
0.496200161731 0.9144000411 0.00567651295006
0.498757060838 0.9144000411 0.0053457030893
0.498757060968 0.9144000411 0.00534570122385
0.501313696114 0.9144000411 0.00501311401055
0.501313696244 0.9144000411 0.00501311215508
0.503870080352 0.9144000411 0.00467855990355
0.503870139937 0.9144000411 0.00467856220557
0.506426291272 0.9144000411 0.00434221236774
0.506426291402 0.9144000411 0.00434221051227
0.508982158982 0.9144000411 0.00400393630311
0.508982159113 0.9144000411 0.00400393443766
0.511537855194 0.9144000411 0.00366384079318
0.511537855323 0.9144000411 0.00366383893771
0.514093275936 0.9144000411 0.00332170385475
0.514093276066 0.9144000411 0.00332170199928
0.516648408738 0.9144000411 0.00297770386224
0.516648408868 0.9144000411 0.00297770200677
0.51920331945 0.9144000411 0.00263175206302
0.51920331971 0.9144000411 0.00263174834211
0.521757891601 0.9144000411 0.0022838066908
0.521757891731 0.9144000411 0.00228380483533
0.52431224618 0.9144000411 0.0019338463531
0.524312305895 0.9144000411 0.00193384678967
0.526866319345 0.9144000411 0.00158192817578
0.526866319474 0.9144000411 0.00158192632031
0.529420123538 0.9144000411 0.00122787566681
0.529420123668 0.9144000411 0.00122787381134
0.531070000603 0.9144000411 0.000998095590291
0.531070000734 0.9144000411 0.000998093724846
0.532101090714 0.9144000411 0.000853962349169
0.532101090714 0.9144000411 0.000853962349169
0.532745526636 0.9144000411 0.000763812877115
0.532745526636 0.9144000411 0.000763812877115
0.533148305146 0.9144000411 0.000707382824878
0.533148305146 0.9144000411 0.000707382824878
0.533400050958 0.9144000411 0.000672089011056
