TITLE = "TC_NACA0012_3932_L3_finalIceShape_V1 | NACA0012 coordinates rotated +4 degrees about X=0.13335 m"
AUXDATA NUM_LAYERS = "insert the number of total ice layers"
VARIABLES = "X_ICED" "Y_ICED" "Z_ICED"

ZONE T="SLICE_Y_0p9144_BINS01_KS_0p5334mm_SINGLE_LAYER"
0.533022419597 0.9143999815 0.000687614027069
0.531663041199 0.9143999815 0.000914927988936
0.531663041069 0.9143999815 0.000914929844405
0.529110172117 0.9143999815 0.00127013259445
0.529110171988 0.9143999815 0.00127013444992
0.525267754383 0.9143999815 0.0018007901277
0.525267754123 0.9143999815 0.00180079383864
0.520386900555 0.9143999815 0.00246869821635
0.520386900295 0.9143999815 0.00246870193727
0.515167486488 0.9143999815 0.00317528119662
0.515167486227 0.9143999815 0.00317528491754
0.509947027305 0.9143999815 0.00387373975269
0.509947027045 0.9143999815 0.00387374347361
0.504725452769 0.9143999815 0.00456422396045
0.504725452509 0.9143999815 0.00456422768137
0.499502931268 0.9143999815 0.00524688749057
0.499502901281 0.9143999815 0.00524688913274
0.494279367614 0.9143999815 0.00592181145053
0.494279337627 0.9143999815 0.00592181309271
0.489054812946 0.9143999815 0.00658911891744
0.489054782958 0.9143999815 0.00658912055961
0.483829316714 0.9143999815 0.0072489571194
0.483829286626 0.9143999815 0.00724895875459
0.47860287284 0.9143999815 0.00790141153071
0.478602842853 0.9143999815 0.0079014131629
0.473375535133 0.9143999815 0.00854656992864
0.473375505146 0.9143999815 0.00854657156084
0.468147326885 0.9143999815 0.00918452356023
0.468147296897 0.9143999815 0.0091845252024
0.462918242217 0.9143999815 0.00981535792367
0.462918212229 0.9143999815 0.00981535956584
0.457688304655 0.9143999815 0.0104391652147
0.457688274667 0.9143999815 0.0104391668568
0.452457569166 0.9143999815 0.011056010897
0.452457539179 0.9143999815 0.0110560125292
0.447226003526 0.9143999815 0.0116659300482
0.447225973539 0.9143999815 0.0116659316903
0.441993632558 0.9143999815 0.0122689963062
0.441993602571 0.9143999815 0.0122689979434
0.436760482996 0.9143999815 0.0128652516793
0.436760453009 0.9143999815 0.0128652533165
0.431526615275 0.9143999815 0.0134546891902
0.431526585221 0.9143999815 0.0134546903565
0.426291937999 0.9143999815 0.0140373313913
0.426291908044 0.9143999815 0.0140373325637
0.421056537397 0.9143999815 0.0146132281893
0.421056507442 0.9143999815 0.0146132293626
0.415820353625 0.9143999815 0.0151823824026
0.41582032367 0.9143999815 0.0151823835759
0.410583476677 0.9143999815 0.0157447872532
0.410583446722 0.9143999815 0.0157447884265
0.40534584789 0.9143999815 0.0163004258029
0.405345817936 0.9143999815 0.0163004269752
0.400107528138 0.9143999815 0.0168492848026
0.400107498176 0.9143999815 0.0168492860916
0.394868489311 0.9143999815 0.0173913376046
0.394868459352 0.9143999815 0.0173913388356
0.389628795555 0.9143999815 0.0179265212706
0.389628765599 0.9143999815 0.0179265224594
0.38438833374 0.9143999815 0.0184547448326
0.384388303786 0.9143999815 0.0184547460056
0.379147164599 0.9143999815 0.0189759941828
0.379147134645 0.9143999815 0.0189759953552
0.373905348721 0.9143999815 0.0194902572492
0.373905318766 0.9143999815 0.0194902584225
0.368662835308 0.9143999815 0.01999740608
0.368662805353 0.9143999815 0.0199974072523
0.363419605043 0.9143999815 0.020497289713
0.363419575088 0.9143999815 0.0204972908864
0.35817568967 0.9143999815 0.0209898828291
0.358175659715 0.9143999815 0.0209898840024
0.352931094528 0.9143999815 0.0214751062115
0.352931064573 0.9143999815 0.0214751073848
0.347685803631 0.9143999815 0.021952762688
0.347685773676 0.9143999815 0.0219527638603
0.342439825916 0.9143999815 0.022422725912
0.342439795961 0.9143999815 0.0224227270853
0.33719310975 0.9143999815 0.0228848769763
0.337193079828 0.9143999815 0.0228848776848
0.331945756275 0.9143999815 0.0233390539718
0.331945726353 0.9143999815 0.0233390546802
0.326697658468 0.9143999815 0.0237850771639
0.326697628545 0.9143999815 0.0237850778784
0.321448887441 0.9143999815 0.024222782544
0.321448857519 0.9143999815 0.0242227832584
0.316199426401 0.9143999815 0.0246519859607
0.316199396479 0.9143999815 0.0246519866751
0.310949229726 0.9143999815 0.0250724825627
0.310949199804 0.9143999815 0.0250724832672
0.305698342545 0.9143999815 0.0254840570337
0.305698312622 0.9143999815 0.0254840577481
0.300446750912 0.9143999815 0.0258864787489
0.300446720989 0.9143999815 0.0258864794633
0.295194412268 0.9143999815 0.0262795047879
0.295194382346 0.9143999815 0.0262795055023
0.289941403669 0.9143999815 0.0266628847458
0.289941373812 0.9143999815 0.0266628845225
0.284687655199 0.9143999815 0.0270363383026
0.284687625341 0.9143999815 0.0270363380893
0.279433216008 0.9143999815 0.0273995897655
0.27943318615 0.9143999815 0.0273995895522
0.274178047431 0.9143999815 0.0277523376828
0.274178017573 0.9143999815 0.0277523374595
0.268922171816 0.9143999815 0.028094262445
0.268922141959 0.9143999815 0.0280942622218
0.263665552318 0.9143999815 0.0284250365842
0.26366552246 0.9143999815 0.0284250363709
0.258408272716 0.9143999815 0.0287443149437
0.258408242859 0.9143999815 0.0287443147205
0.253150240159 0.9143999815 0.0290517194456
0.253150210301 0.9143999815 0.0290517192323
0.247891495686 0.9143999815 0.0293468739264
0.247891480693 0.9143999815 0.0293468747425
0.24263209784 0.9143999815 0.0296293698244
0.242632082846 0.9143999815 0.0296293706405
0.237372001826 0.9143999815 0.0298987782904
0.237371986832 0.9143999815 0.0298987791065
0.232111238767 0.9143999815 0.0301546571081
0.232111223774 0.9143999815 0.0301546579242
0.226849795967 0.9143999815 0.0303965441864
0.226849780974 0.9143999815 0.0303965450025
0.221587722691 0.9143999815 0.0306239500393
0.221587707697 0.9143999815 0.0306239508554
0.216325024712 0.9143999815 0.0308363634643
0.216325009718 0.9143999815 0.0308363642804
0.211061709693 0.9143999815 0.0310332491019
0.211061694699 0.9143999815 0.031033249918
0.205797817394 0.9143999815 0.0312140383705
0.2057978024 0.9143999815 0.0312140391866
0.200533389522 0.9143999815 0.0313781348266
0.200533374529 0.9143999815 0.0313781356427
0.195268456721 0.9143999815 0.0315248852165
0.195268441727 0.9143999815 0.0315248860326
0.19000305152 0.9143999815 0.0316536121692
0.190003036526 0.9143999815 0.0316536129853
0.184737219557 0.9143999815 0.031763661615
0.184737204563 0.9143999815 0.0317636624311
0.179471011863 0.9143999815 0.0318543051895
0.17947099687 0.9143999815 0.0318543060056
0.174204501383 0.9143999815 0.0319247133503
0.17420448639 0.9143999815 0.0319247141664
0.168937758591 0.9143999815 0.0319740918686
0.168937743597 0.9143999815 0.0319740926946
0.163670858409 0.9143999815 0.0320015814776
0.163670843415 0.9143999815 0.0320015823037
0.158403882845 0.9143999815 0.032006224435
0.158403867851 0.9143999815 0.032006225261
0.153136944474 0.9143999815 0.0319870502093
0.153136929481 0.9143999815 0.0319870510254
0.147870163708 0.9143999815 0.0319429805135
0.147870148714 0.9143999815 0.0319429813296
0.14260233369 0.9143999815 0.0318729002552
0.142602318697 0.9143999815 0.0318729010713
0.137395027744 0.9143999815 0.0317772275609
0.137395012881 0.9143999815 0.0317772265215
0.132372216959 0.9143999815 0.0316588897372
0.132372202095 0.9143999815 0.0316588886978
0.127589248499 0.9143999815 0.0315210400084
0.127589233635 0.9143999815 0.031521038969
0.123034793026 0.9143999815 0.0313659110183
0.123034778162 0.9143999815 0.031365909979
0.118698043979 0.9143999815 0.0311955217376
0.118698029115 0.9143999815 0.0311955206982
0.114568700635 0.9143999815 0.0310118107664
0.114568685772 0.9143999815 0.031011809727
0.110636947669 0.9143999815 0.0308166161796
0.110636932805 0.9143999815 0.0308166151402
0.106893412351 0.9143999815 0.0306116352533
0.106893397488 0.9143999815 0.0306116342139
0.103329184999 0.9143999815 0.0303983586104
0.103329170136 0.9143999815 0.030398357571
0.0999357373549 0.9143999815 0.0301781579211
0.0999357224912 0.9143999815 0.0301781568817
0.0967049689741 0.9143999815 0.0299523750256
0.0967049541104 0.9143999815 0.0299523739862
0.0936291414129 0.9143999815 0.0297221978209
0.0936291265492 0.9143999815 0.0297221967816
0.0907008744902 0.9143999815 0.0294887085481
0.0907008670484 0.9143999815 0.0294887080277
0.087857958963 0.9143999815 0.0292478745262
0.0878579515311 0.9143999815 0.0292478740065
0.0878579440993 0.9143999815 0.0292478734868
0.0850069857993 0.9143999815 0.0289918569456
0.0821353426392 0.9143999815 0.0287190194966
0.0821353352074 0.9143999815 0.0287190189769
0.0792652060679 0.9143999815 0.0284306179185
0.0792651986361 0.9143999815 0.0284306173988
0.0763967605625 0.9143999815 0.0281259368972
0.0763967531306 0.9143999815 0.0281259363775
0.0735301685441 0.9143999815 0.0278042558475
0.0735301611123 0.9143999815 0.0278042553278
0.0706656272336 0.9143999815 0.0274648902392
0.0706656198017 0.9143999815 0.0274648897195
0.067803345587 0.9143999815 0.0271069882935
0.0678033381552 0.9143999815 0.0271069877738
0.0649435690232 0.9143999815 0.0267296037048
0.0649435615914 0.9143999815 0.0267296031852
0.0620865591334 0.9143999815 0.026331772633
0.0620865517016 0.9143999815 0.0263317721133
0.0592326418833 0.9143999815 0.0259124647563
0.0592326307405 0.9143999815 0.0259124639772
0.0563821548972 0.9143999815 0.0254704302719
0.0563821437444 0.9143999815 0.0254704294921
0.0535355153342 0.9143999815 0.0250042960745
0.0535355043112 0.9143999815 0.0250042934392
0.0506931827182 0.9143999815 0.0245126173594
0.0506931717051 0.9143999815 0.0245126147247
0.0478556926425 0.9143999815 0.0239937697808
0.0478556816301 0.9143999815 0.0239937671362
0.0450236968332 0.9143999815 0.0234458028596
0.0450236858101 0.9143999815 0.0234458002243
0.0421979347242 0.9143999815 0.0228665799814
0.0421979237019 0.9143999815 0.0228665773361
0.0393793017184 0.9143999815 0.0222537102323
0.0393792906954 0.9143999815 0.0222537075969
0.0365688856635 0.9143999815 0.0216042934118
0.0365688746412 0.9143999815 0.0216042907665
0.0337680004757 0.9143999815 0.0209150268089
0.0337679894527 0.9143999815 0.0209150241736
0.0309782564633 0.9143999815 0.0201821075395
0.0309782454402 0.9143999815 0.0201821049041
0.0282017208246 0.9143999815 0.0194008329184
0.0282017098115 0.9143999815 0.0194008302837
0.0254409855451 0.9143999815 0.0185656444432
0.0254409763783 0.9143999815 0.0185656419276
0.0226994350715 0.9143999815 0.017669797331
0.022699425914 0.9143999815 0.0176697948261
0.019981611341 0.9143999815 0.0167047605703
0.0199816023139 0.9143999815 0.0167047561999
0.0172936983941 0.9143999815 0.0156598549137
0.017293689357 0.9143999815 0.0156598505427
0.014644467216 0.9143999815 0.0145212640184
0.0146444581789 0.9143999815 0.0145212596473
0.0120468189293 0.9143999815 0.0132707139367
0.0120468099022 0.9143999815 0.0132707095664
0.009443782645 0.9143999815 0.0120045862711
0.00944377361787 0.9143999815 0.0120045819008
0.00648732439534 0.9143999815 0.0112652317384
0.00648731384118 0.9143999815 0.0112652291358
0.00300478408429 0.9143999815 0.0111975461479
0.00300477154192 0.9143999815 0.0111975452709
-0.000767907558564 0.9143999815 0.011178377288
-0.000767921233072 0.9143999815 0.0111783763318
-0.00466038898299 0.9143999815 0.0107067049797
-0.00466040315139 0.9143999815 0.010706703989
-0.0125044573294 0.9143999815 0.0112442679484
-0.0125044854608 0.9143999815 0.0112442697104
-0.0209470857599 0.9143999815 0.0102850863217
-0.0209471172131 0.9143999815 0.0102850822578
-0.0218745279222 0.9143999815 0.00544580442944
-0.021874530474 0.9143999815 0.00544578745007
-0.0184345716774 0.9143999815 0.000152519170053
-0.0184345590953 0.9143999815 0.000152499509843
-0.0152765976741 0.9143999815 -0.00405286079854
-0.0152765863222 0.9143999815 -0.00405287634253
-0.011902085492 0.9143999815 -0.00716828375987
-0.0119020734947 0.9143999815 -0.0071682950575
-0.00785798792358 0.9143999815 -0.00914393333949
-0.0078579734151 0.9143999815 -0.0091439405523
-0.00462699373377 0.9143999815 -0.0108302406746
-0.00462698209775 0.9143999815 -0.010830246863
-0.00275958609867 0.9143999815 -0.01333161538
-0.00275957939352 0.9143999815 -0.0133316244805
-0.00118343957714 0.9143999815 -0.0164535047923
-0.00118343388801 0.9143999815 -0.0164535160639
0.000958729697066 0.9143999815 -0.0195132879796
0.000958737524237 0.9143999815 -0.0195132995719
0.00360054305418 0.9143999815 -0.0222278643672
0.00360055259563 0.9143999815 -0.022227873975
0.00656715683381 0.9143999815 -0.0243207608215
0.00656716763842 0.9143999815 -0.0243207684665
0.0101212916698 0.9143999815 -0.0248295708037
0.0101213048068 0.9143999815 -0.0248295717496
0.0142826649179 0.9143999815 -0.0233980451454
0.0142826804491 0.9143999815 -0.0233980403203
0.0180166307154 0.9143999815 -0.0224838684097
0.0180166435284 0.9143999815 -0.0224838647069
0.0211363902793 0.9143999815 -0.0228248054591
0.0211364015518 0.9143999815 -0.0228248065354
0.024200346067 0.9143999815 -0.0231621525783
0.0242003573403 0.9143999815 -0.0231621536646
0.027224863329 0.9143999815 -0.0234908797723
0.0272248746015 0.9143999815 -0.0234908808486
0.0302220811036 0.9143999815 -0.0238054655243
0.0302220923761 0.9143999815 -0.0238054666006
0.0331979897767 0.9143999815 -0.0241070108584
0.0331980010492 0.9143999815 -0.0241070119347
0.0361568022016 0.9143999815 -0.0243995810735
0.0361568134848 0.9143999815 -0.0243995821591
0.0391026309882 0.9143999815 -0.0246818560327
0.0391026422715 0.9143999815 -0.0246818571183
0.042039270456 0.9143999815 -0.024947750374
0.0420392817385 0.9143999815 -0.0249477514496
0.044969061658 0.9143999815 -0.0251959763369
0.0449690729306 0.9143999815 -0.0251959774132
0.0478922546837 0.9143999815 -0.0254330478737
0.0478922659563 0.9143999815 -0.02543304895
0.050809025145 0.9143999815 -0.0256643600966
0.0508090364282 0.9143999815 -0.0256643611822
0.0537207888763 0.9143999815 -0.0258886918372
0.0537208001588 0.9143999815 -0.0258886929128
0.0566288773835 0.9143999815 -0.026103615972
0.056628888656 0.9143999815 -0.0261036170483
0.0595336562659 0.9143999815 -0.0263109965388
0.0595336675491 0.9143999815 -0.0263109976243
0.0624342876692 0.9143999815 -0.0265210141929
0.0624342989524 0.9143999815 -0.0265210152785
0.0653225589258 0.9143999815 -0.0268015350094
0.0653225664874 0.9143999815 -0.0268015363452
0.0681994178237 0.9143999815 -0.027157621877
0.068199425386 0.9143999815 -0.0271576232227
0.0710759570467 0.9143999815 -0.027514584417
0.0710759646083 0.9143999815 -0.0275145857528
0.0739547445137 0.9143999815 -0.0278529642709
0.0739547520753 0.9143999815 -0.0278529656067
0.0768355619965 0.9143999815 -0.0281735926665
0.0768355695581 0.9143999815 -0.0281735940023
0.0797182288622 0.9143999815 -0.0284771973768
0.0797182364238 0.9143999815 -0.0284771987126
0.0826025687705 0.9143999815 -0.0287644610556
0.0826025763321 0.9143999815 -0.0287644623914
0.0854884287456 0.9143999815 -0.0290360796492
0.0854884363179 0.9143999815 -0.0290360809943
0.0883812384025 0.9143999815 -0.0292931187026
0.0883812459641 0.9143999815 -0.0292931200384
0.0883812535364 0.9143999815 -0.0292931213834
0.091322858816 0.9143999815 -0.0295392963418
0.0913228663776 0.9143999815 -0.0295392976776
0.0943822868095 0.9143999815 -0.029779743711
0.0943823018029 0.9143999815 -0.0297797445271
0.0975959142134 0.9143999815 -0.0300160126647
0.0975959292075 0.9143999815 -0.0300160134907
0.100971440022 0.9143999815 -0.0302469094703
0.100971455015 0.9143999815 -0.0302469102864
0.104516931489 0.9143999815 -0.0304711660556
0.104516946483 0.9143999815 -0.0304711668717
0.108240878926 0.9143999815 -0.0306873709081
0.10824089392 0.9143999815 -0.0306873717242
0.112152144397 0.9143999815 -0.0308939800505
0.112152159392 0.9143999815 -0.0308939808765
0.116260061862 0.9143999815 -0.0310893624053
0.116260076855 0.9143999815 -0.0310893632214
0.12057439341 0.9143999815 -0.0312717075335
0.120574408403 0.9143999815 -0.0312717083496
0.125105400263 0.9143999815 -0.0314390804951
0.125105415257 0.9143999815 -0.0314390813212
0.129863814343 0.9143999815 -0.0315894424925
0.129863829206 0.9143999815 -0.0315894414531
0.13486093 0.9143999815 -0.0317205734638
0.134860944863 0.9143999815 -0.0317205724245
0.140039213843 0.9143999815 -0.031829139795
0.140039228707 0.9143999815 -0.0318291387556
0.145272840275 0.9143999815 -0.0319118443845
0.145272855138 0.9143999815 -0.0319118433451
0.150503014899 0.9143999815 -0.0319682575252
0.150503029763 0.9143999815 -0.0319682564858
0.15573340909 0.9143999815 -0.0319996125193
0.155733424054 0.9143999815 -0.031999611473
0.160963886738 0.9143999815 -0.0320069533044
0.160963901602 0.9143999815 -0.032006952265
0.166194338762 0.9143999815 -0.0319912845869
0.166194353626 0.9143999815 -0.0319912835475
0.171424696354 0.9143999815 -0.0319535447726
0.171424711217 0.9143999815 -0.0319535437332
0.176654855263 0.9143999815 -0.0318945926055
0.176654870126 0.9143999815 -0.0318945915661
0.181884740443 0.9143999815 -0.0318152772791
0.181884755306 0.9143999815 -0.0318152762397
0.187114305439 0.9143999815 -0.0317164311014
0.187114320303 0.9143999815 -0.031716430062
0.192343479617 0.9143999815 -0.0315987498646
0.19234349448 0.9143999815 -0.0315987488252
0.197572205244 0.9143999815 -0.0314629060539
0.197572220108 0.9143999815 -0.0314629050145
0.202800456599 0.9143999815 -0.0313095998093
0.202800471462 0.9143999815 -0.0313095987699
0.208028175469 0.9143999815 -0.0311394924422
0.208028190333 0.9143999815 -0.0311394914028
0.213255358323 0.9143999815 -0.0309531742469
0.213255373187 0.9143999815 -0.0309531732075
0.218481954859 0.9143999815 -0.0307512088854
0.218481969722 0.9143999815 -0.030751207846
0.223707944339 0.9143999815 -0.0305341542332
0.223707959203 0.9143999815 -0.0305341531938
0.22893333196 0.9143999815 -0.030302510346
0.228933346824 0.9143999815 -0.0303025093066
0.234158047877 0.9143999815 -0.0300567750384
0.234158062741 0.9143999815 -0.0300567739991
0.239382110748 0.9143999815 -0.0297974287394
0.239382125612 0.9143999815 -0.0297974277
0.244605521251 0.9143999815 -0.0295249083357
0.244605536115 0.9143999815 -0.0295249072964
0.24982823505 0.9143999815 -0.0292396463639
0.249828249914 0.9143999815 -0.0292396453245
0.255050251064 0.9143999815 -0.0289420574293
0.255050280792 0.9143999815 -0.0289420553505
0.260271595998 0.9143999815 -0.0286325205722
0.260271625726 0.9143999815 -0.0286325184935
0.265492251148 0.9143999815 -0.0283114105404
0.265492280876 0.9143999815 -0.0283114084617
0.270712151759 0.9143999815 -0.0279790828871
0.270712181486 0.9143999815 -0.0279790808084
0.275931380572 0.9143999815 -0.027635867925
0.275931410399 0.9143999815 -0.0276358658393
0.28114993041 0.9143999815 -0.0272820873185
0.281149960137 0.9143999815 -0.0272820852398
0.286367733297 0.9143999815 -0.0269180520267
0.286367763025 0.9143999815 -0.026918049948
0.29158486818 0.9143999815 -0.0265440366215
0.291584897907 0.9143999815 -0.0265440345428
0.296801265365 0.9143999815 -0.0261603260486
0.296801295092 0.9143999815 -0.0261603239699
0.30201697277 0.9143999815 -0.0257671783739
0.302017002498 0.9143999815 -0.0257671762952
0.30723197782 0.9143999815 -0.0253648409373
0.307232007547 0.9143999815 -0.0253648388586
0.312446296364 0.9143999815 -0.0249535404253
0.312446326092 0.9143999815 -0.0249535383466
0.317659914169 0.9143999815 -0.0245335018991
0.317659943896 0.9143999815 -0.0245334998203
0.322872845206 0.9143999815 -0.0241049223137
0.322872874933 0.9143999815 -0.024104920235
0.32808507342 0.9143999815 -0.023668000694
0.328085103148 0.9143999815 -0.0236679986153
0.333296611967 0.9143999815 -0.0232229265941
0.333296641694 0.9143999815 -0.0232229245154
0.338507472738 0.9143999815 -0.0227698672317
0.338507502466 0.9143999815 -0.022769865153
0.3437176375 0.9143999815 -0.0223089919111
0.343717667228 0.9143999815 -0.0223089898324
0.348927117008 0.9143999815 -0.0218404529934
0.348927146735 0.9143999815 -0.0218404509147
0.354135918538 0.9143999815 -0.0213643545444
0.354135948265 0.9143999815 -0.0213643524656
0.359344021457 0.9143999815 -0.0208808287052
0.359344051185 0.9143999815 -0.0208808266264
0.364551435381 0.9143999815 -0.02039001297
0.364551465108 0.9143999815 -0.0203900108913
0.369758168265 0.9143999815 -0.0198920225547
0.369758197993 0.9143999815 -0.0198920204759
0.374964258353 0.9143999815 -0.019386974286
0.37496428808 0.9143999815 -0.0193869722073
0.380169619899 0.9143999815 -0.0188749264371
0.380169649627 0.9143999815 -0.0188749243584
0.385374314539 0.9143999815 -0.0183559045809
0.385374344267 0.9143999815 -0.0183559025022
0.390578319561 0.9143999815 -0.0178300111213
0.390578349288 0.9143999815 -0.0178300090425
0.39578164198 0.9143999815 -0.017297346403
0.395781671708 0.9143999815 -0.0172973443243
0.400984283617 0.9143999815 -0.0167579364428
0.400984313345 0.9143999815 -0.016757934364
0.406186186735 0.9143999815 -0.0162118114114
0.406186216463 0.9143999815 -0.0162118093326
0.411387382722 0.9143999815 -0.0156589915286
0.411387412449 0.9143999815 -0.0156589894499
0.416587901403 0.9143999815 -0.0150994747089
0.416587931131 0.9143999815 -0.0150994726302
0.421787654857 0.9143999815 -0.0145332894949
0.421787684585 0.9143999815 -0.0145332874161
0.426986703098 0.9143999815 -0.0139604354291
0.426986732825 0.9143999815 -0.0139604333503
0.432185016039 0.9143999815 -0.0133809108863
0.432185045766 0.9143999815 -0.0133809088075
0.437382593839 0.9143999815 -0.0127947195944
0.437382623567 0.9143999815 -0.0127947175156
0.442579376365 0.9143999815 -0.0122018545411
0.442579406092 0.9143999815 -0.0122018524623
0.447775388665 0.9143999815 -0.0116022467611
0.447775418393 0.9143999815 -0.0116022446823
0.452970627524 0.9143999815 -0.0109958516801
0.452970657251 0.9143999815 -0.0109958496014
0.458165090539 0.9143999815 -0.0103826320951
0.458165120266 0.9143999815 -0.0103826300164
0.463358683133 0.9143999815 -0.00976251995765
0.46335871286 0.9143999815 -0.00976251787891
0.468551461123 0.9143999815 -0.00913545906734
0.46855149085 0.9143999815 -0.0091354569886
0.473743391342 0.9143999815 -0.00850139946601
0.473743421069 0.9143999815 -0.00850139738727
0.478934436068 0.9143999815 -0.00786023176856
0.478934465796 0.9143999815 -0.00786022968982
0.484124649139 0.9143999815 -0.00721187004021
0.484124678866 0.9143999815 -0.00721186796147
0.489313905407 0.9143999815 -0.00655623341371
0.489313935134 0.9143999815 -0.00655623133497
0.494502225926 0.9143999815 -0.00589319718674
0.494502255523 0.9143999815 -0.00589319325252
0.499689572491 0.9143999815 -0.00522264078056
0.499689602089 0.9143999815 -0.00522263684634
0.504875907741 0.9143999815 -0.004544458534
0.50487590761 0.9143999815 -0.00454445666855
0.510061225637 0.9143999815 -0.00385856122096
0.510061225507 0.9143999815 -0.00385855936549
0.515245515615 0.9143999815 -0.00316480208079
0.515245515486 0.9143999815 -0.00316480022532
0.520428766673 0.9143999815 -0.00246301944728
0.520428766542 0.9143999815 -0.00246301758184
0.525281721067 0.9143999815 -0.00179886949559
0.525281720937 0.9143999815 -0.00179886764012
0.529113303758 0.9143999815 -0.00126969635905
0.529113303758 0.9143999815 -0.00126969635905
0.53166431393 0.9143999815 -0.000914744921114
0.53166431393 0.9143999815 -0.000914744921114
0.533022682765 0.9143999815 -0.000687570555765
0.533400010388 0.9143999815 -0.000522730970399
0.533400010388 0.9143999815 -0.000522730970399
0.533400022814 0.9143999815 -0.000373377024922
0.533400022814 0.9143999815 -0.000373377024922
0.533400035369 0.9143999815 -0.000224024934914
0.533400035369 0.9143999815 -0.000224024934914
0.53339998834 0.9143999815 -7.46751469223e-05
0.53339998834 0.9143999815 -7.46751469223e-05
0.533399941311 0.9143999815 7.4674641069e-05
0.533399941311 0.9143999815 7.4674641069e-05
0.533400013191 0.9143999815 0.000224032744032
0.533400013191 0.9143999815 0.000224032744032
0.533399966292 0.9143999815 0.000373380676554
0.533399966292 0.9143999815 0.000373380676554
0.533399978848 0.9143999815 0.000522732766562
0.533399978848 0.9143999815 0.000522732766562
0.533399978848 0.9143999815 0.000522732766562
0.533022419597 0.9143999815 0.000687614027069

ZONE T="SLICE_Y_0p9144_BINS03_KS_0p5334mm_SINGLE_LAYER"
0.533022419597 0.9143999815 0.000687614027069
0.531663041199 0.9143999815 0.000914927988936
0.531663041069 0.9143999815 0.000914929844405
0.529110172117 0.9143999815 0.00127013259445
0.529110171988 0.9143999815 0.00127013444992
0.525267754383 0.9143999815 0.0018007901277
0.525267754123 0.9143999815 0.00180079383864
0.520386900555 0.9143999815 0.00246869821635
0.520386900295 0.9143999815 0.00246870193727
0.515167486488 0.9143999815 0.00317528119662
0.515167486227 0.9143999815 0.00317528491754
0.509947027305 0.9143999815 0.00387373975269
0.509947027045 0.9143999815 0.00387374347361
0.504725452769 0.9143999815 0.00456422396045
0.504725452509 0.9143999815 0.00456422768137
0.499502931268 0.9143999815 0.00524688749057
0.499502901281 0.9143999815 0.00524688913274
0.494279367614 0.9143999815 0.00592181145053
0.494279337627 0.9143999815 0.00592181309271
0.489054812946 0.9143999815 0.00658911891744
0.489054782958 0.9143999815 0.00658912055961
0.483829316714 0.9143999815 0.0072489571194
0.483829286626 0.9143999815 0.00724895875459
0.47860287284 0.9143999815 0.00790141153071
0.478602842853 0.9143999815 0.0079014131629
0.473375535133 0.9143999815 0.00854656992864
0.473375505146 0.9143999815 0.00854657156084
0.468147326885 0.9143999815 0.00918452356023
0.468147296897 0.9143999815 0.0091845252024
0.462918242217 0.9143999815 0.00981535792367
0.462918212229 0.9143999815 0.00981535956584
0.457688304655 0.9143999815 0.0104391652147
0.457688274667 0.9143999815 0.0104391668568
0.452457569166 0.9143999815 0.011056010897
0.452457539179 0.9143999815 0.0110560125292
0.447226003526 0.9143999815 0.0116659300482
0.447225973539 0.9143999815 0.0116659316903
0.441993632558 0.9143999815 0.0122689963062
0.441993602571 0.9143999815 0.0122689979434
0.436760482996 0.9143999815 0.0128652516793
0.436760453009 0.9143999815 0.0128652533165
0.431526615275 0.9143999815 0.0134546891902
0.431526585221 0.9143999815 0.0134546903565
0.426291937999 0.9143999815 0.0140373313913
0.426291908044 0.9143999815 0.0140373325637
0.421056537397 0.9143999815 0.0146132281893
0.421056507442 0.9143999815 0.0146132293626
0.415820353625 0.9143999815 0.0151823824026
0.41582032367 0.9143999815 0.0151823835759
0.410583476677 0.9143999815 0.0157447872532
0.410583446722 0.9143999815 0.0157447884265
0.40534584789 0.9143999815 0.0163004258029
0.405345817936 0.9143999815 0.0163004269752
0.400107528138 0.9143999815 0.0168492848026
0.400107498176 0.9143999815 0.0168492860916
0.394868489311 0.9143999815 0.0173913376046
0.394868459352 0.9143999815 0.0173913388356
0.389628795555 0.9143999815 0.0179265212706
0.389628765599 0.9143999815 0.0179265224594
0.38438833374 0.9143999815 0.0184547448326
0.384388303786 0.9143999815 0.0184547460056
0.379147164599 0.9143999815 0.0189759941828
0.379147134645 0.9143999815 0.0189759953552
0.373905348721 0.9143999815 0.0194902572492
0.373905318766 0.9143999815 0.0194902584225
0.368662835308 0.9143999815 0.01999740608
0.368662805353 0.9143999815 0.0199974072523
0.363419605043 0.9143999815 0.020497289713
0.363419575088 0.9143999815 0.0204972908864
0.35817568967 0.9143999815 0.0209898828291
0.358175659715 0.9143999815 0.0209898840024
0.352931094528 0.9143999815 0.0214751062115
0.352931064573 0.9143999815 0.0214751073848
0.347685803631 0.9143999815 0.021952762688
0.347685773676 0.9143999815 0.0219527638603
0.342439825916 0.9143999815 0.022422725912
0.342439795961 0.9143999815 0.0224227270853
0.33719310975 0.9143999815 0.0228848769763
0.337193079828 0.9143999815 0.0228848776848
0.331945756275 0.9143999815 0.0233390539718
0.331945726353 0.9143999815 0.0233390546802
0.326697658468 0.9143999815 0.0237850771639
0.326697628545 0.9143999815 0.0237850778784
0.321448887441 0.9143999815 0.024222782544
0.321448857519 0.9143999815 0.0242227832584
0.316199426401 0.9143999815 0.0246519859607
0.316199396479 0.9143999815 0.0246519866751
0.310949229726 0.9143999815 0.0250724825627
0.310949199804 0.9143999815 0.0250724832672
0.305698342545 0.9143999815 0.0254840570337
0.305698312622 0.9143999815 0.0254840577481
0.300446750912 0.9143999815 0.0258864787489
0.300446720989 0.9143999815 0.0258864794633
0.295194412268 0.9143999815 0.0262795047879
0.295194382346 0.9143999815 0.0262795055023
0.289941403669 0.9143999815 0.0266628847458
0.289941373812 0.9143999815 0.0266628845225
0.284687655199 0.9143999815 0.0270363383026
0.284687625341 0.9143999815 0.0270363380893
0.279433216008 0.9143999815 0.0273995897655
0.27943318615 0.9143999815 0.0273995895522
0.274178047431 0.9143999815 0.0277523376828
0.274178017573 0.9143999815 0.0277523374595
0.268922171816 0.9143999815 0.028094262445
0.268922141959 0.9143999815 0.0280942622218
0.263665552318 0.9143999815 0.0284250365842
0.26366552246 0.9143999815 0.0284250363709
0.258408272716 0.9143999815 0.0287443149437
0.258408242859 0.9143999815 0.0287443147205
0.253150240159 0.9143999815 0.0290517194456
0.253150210301 0.9143999815 0.0290517192323
0.247891495686 0.9143999815 0.0293468739264
0.247891480693 0.9143999815 0.0293468747425
0.24263209784 0.9143999815 0.0296293698244
0.242632082846 0.9143999815 0.0296293706405
0.237372001826 0.9143999815 0.0298987782904
0.237371986832 0.9143999815 0.0298987791065
0.232111238767 0.9143999815 0.0301546571081
0.232111223774 0.9143999815 0.0301546579242
0.226849795967 0.9143999815 0.0303965441864
0.226849780974 0.9143999815 0.0303965450025
0.221587722691 0.9143999815 0.0306239500393
0.221587707697 0.9143999815 0.0306239508554
0.216325024712 0.9143999815 0.0308363634643
0.216325009718 0.9143999815 0.0308363642804
0.211061709693 0.9143999815 0.0310332491019
0.211061694699 0.9143999815 0.031033249918
0.205797817394 0.9143999815 0.0312140383705
0.2057978024 0.9143999815 0.0312140391866
0.200533389522 0.9143999815 0.0313781348266
0.200533374529 0.9143999815 0.0313781356427
0.195268456721 0.9143999815 0.0315248852165
0.195268441727 0.9143999815 0.0315248860326
0.19000305152 0.9143999815 0.0316536121692
0.190003036526 0.9143999815 0.0316536129853
0.184737219557 0.9143999815 0.031763661615
0.184737204563 0.9143999815 0.0317636624311
0.179471011863 0.9143999815 0.0318543051895
0.17947099687 0.9143999815 0.0318543060056
0.174204501383 0.9143999815 0.0319247133503
0.17420448639 0.9143999815 0.0319247141664
0.168937758591 0.9143999815 0.0319740918686
0.168937743597 0.9143999815 0.0319740926946
0.163670858409 0.9143999815 0.0320015814776
0.163670843415 0.9143999815 0.0320015823037
0.158403882845 0.9143999815 0.032006224435
0.158403867851 0.9143999815 0.032006225261
0.153136944474 0.9143999815 0.0319870502093
0.153136929481 0.9143999815 0.0319870510254
0.147870163708 0.9143999815 0.0319429805135
0.147870148714 0.9143999815 0.0319429813296
0.14260233369 0.9143999815 0.0318729002552
0.142602318697 0.9143999815 0.0318729010713
0.137395027744 0.9143999815 0.0317772275609
0.137395012881 0.9143999815 0.0317772265215
0.132372216959 0.9143999815 0.0316588897372
0.132372202095 0.9143999815 0.0316588886978
0.127589248499 0.9143999815 0.0315210400084
0.127589233635 0.9143999815 0.031521038969
0.123034793026 0.9143999815 0.0313659110183
0.123034778162 0.9143999815 0.031365909979
0.118698043979 0.9143999815 0.0311955217376
0.118698029115 0.9143999815 0.0311955206982
0.114568700635 0.9143999815 0.0310118107664
0.114568685772 0.9143999815 0.031011809727
0.110636947669 0.9143999815 0.0308166161796
0.110636932805 0.9143999815 0.0308166151402
0.106893412351 0.9143999815 0.0306116352533
0.106893397488 0.9143999815 0.0306116342139
0.103329184999 0.9143999815 0.0303983586104
0.103329170136 0.9143999815 0.030398357571
0.0999357373549 0.9143999815 0.0301781579211
0.0999357224912 0.9143999815 0.0301781568817
0.0967049689741 0.9143999815 0.0299523750256
0.0967049541104 0.9143999815 0.0299523739862
0.0936291414129 0.9143999815 0.0297221978209
0.0936291265492 0.9143999815 0.0297221967816
0.0907008744902 0.9143999815 0.0294887085481
0.0907008670484 0.9143999815 0.0294887080277
0.087857958963 0.9143999815 0.0292478745262
0.0878579515311 0.9143999815 0.0292478740065
0.0878579440993 0.9143999815 0.0292478734868
0.0850069857993 0.9143999815 0.0289918569456
0.0821353426392 0.9143999815 0.0287190194966
0.0821353352074 0.9143999815 0.0287190189769
0.0792652060679 0.9143999815 0.0284306179185
0.0792651986361 0.9143999815 0.0284306173988
0.0763967605625 0.9143999815 0.0281259368972
0.0763967531306 0.9143999815 0.0281259363775
0.0735301685441 0.9143999815 0.0278042558475
0.0735301611123 0.9143999815 0.0278042553278
0.0706656272336 0.9143999815 0.0274648902392
0.0706656198017 0.9143999815 0.0274648897195
0.067803345587 0.9143999815 0.0271069882935
0.0678033381552 0.9143999815 0.0271069877738
0.0649435690232 0.9143999815 0.0267296037048
0.0649435615914 0.9143999815 0.0267296031852
0.0620865591334 0.9143999815 0.026331772633
0.0620865517016 0.9143999815 0.0263317721133
0.0592326418833 0.9143999815 0.0259124647563
0.0592326307405 0.9143999815 0.0259124639772
0.0563821548972 0.9143999815 0.0254704302719
0.0563821437444 0.9143999815 0.0254704294921
0.0535355153342 0.9143999815 0.0250042960745
0.0535355043112 0.9143999815 0.0250042934392
0.0506931827182 0.9143999815 0.0245126173594
0.0506931717051 0.9143999815 0.0245126147247
0.0478556926425 0.9143999815 0.0239937697808
0.0478556816301 0.9143999815 0.0239937671362
0.0450236968332 0.9143999815 0.0234458028596
0.0450236858101 0.9143999815 0.0234458002243
0.0421979347242 0.9143999815 0.0228665799814
0.0421979237019 0.9143999815 0.0228665773361
0.0393793017184 0.9143999815 0.0222537102323
0.0393792906954 0.9143999815 0.0222537075969
0.0365688856635 0.9143999815 0.0216042934118
0.0365688746412 0.9143999815 0.0216042907665
0.0337680004757 0.9143999815 0.0209150268089
0.0337679894527 0.9143999815 0.0209150241736
0.0309782564633 0.9143999815 0.0201821075395
0.0309782454402 0.9143999815 0.0201821049041
0.0282017208246 0.9143999815 0.0194008329184
0.0282017098115 0.9143999815 0.0194008302837
0.0254409855451 0.9143999815 0.0185656444432
0.0254409763783 0.9143999815 0.0185656419276
0.0226761268054 0.9143999815 0.0177356459625
0.0226761157924 0.9143999815 0.0177356433279
0.0198963176218 0.9143999815 0.0169307184933
0.0198963065988 0.9143999815 0.016930715858
0.0171184836423 0.9143999815 0.0160847537928
0.01711847262 0.9143999815 0.0160847511475
0.0143474372395 0.9143999815 0.015170373613
0.0143474262265 0.9143999815 0.0151703709783
0.0115780465354 0.9143999815 0.0141786580237
0.0115780365806 0.9143999815 0.0141786535885
0.00878272005807 0.9143999815 0.0131207143882
0.00878271009323 0.9143999815 0.0131207099522
0.00586709031403 0.9143999815 0.0121784706802
0.00586707975987 0.9143999815 0.0121784680776
0.00269545507646 0.9143999815 0.0115881435427
0.00269544359356 0.9143999815 0.0115881408752
-0.000737950831981 0.9143999815 0.0111677060591
-0.000737963374154 0.9143999815 0.011167705182
-0.00427560330085 0.9143999815 0.0104406846298
-0.00427561617665 0.9143999815 0.0104406818549
-0.00970073194484 0.9143999815 0.00993592008496
-0.0097007514552 0.9143999815 0.00993591872066
-0.0183567025375 0.9143999815 0.00914224330283
-0.0183567341204 0.9143999815 0.00914224109434
-0.0217282757249 0.9143999815 0.00541970886952
-0.0217282878235 0.9143999815 0.00541969495166
-0.0183019525826 0.9143999815 0.000151907881389
-0.0183019400754 0.9143999815 0.000151889148216
-0.01515514597 0.9143999815 -0.00403188774663
-0.0151551346406 0.9143999815 -0.00403190282506
-0.011788354526 0.9143999815 -0.00712815333602
-0.0117883425386 0.9143999815 -0.00712816463435
-0.00775224595765 0.9143999815 -0.00908657712627
-0.00775223145322 0.9143999815 -0.00908658428102
-0.00453034938777 0.9143999815 -0.0107585227466
-0.00453033775984 0.9143999815 -0.0107585288193
-0.00267214751244 0.9143999815 -0.0132477842823
-0.00267214080829 0.9143999815 -0.0132477933828
-0.00110451938038 0.9143999815 -0.0163593630802
-0.00110451369118 0.9143999815 -0.0163593743528
0.00102914220964 0.9143999815 -0.0194115446694
0.00102914994404 0.9143999815 -0.0194115553359
0.00366310916481 0.9143999815 -0.0221209785274
0.00366311870626 0.9143999815 -0.0221209881352
0.00670095976063 0.9143999815 -0.0240470284729
0.00670097096423 0.9143999815 -0.0240470351577
0.0109039422961 0.9143999815 -0.0230159583671
0.0109039578942 0.9143999815 -0.0230159544695
0.0150689370922 0.9143999815 -0.0215235003442
0.0150689525685 0.9143999815 -0.0215234945906
0.0182034563979 0.9143999815 -0.0219797043707
0.018203467746 0.9143999815 -0.021979706384
0.0212718316071 0.9143999815 -0.022426393398
0.0212718429452 0.9143999815 -0.022426395412
0.024296373744 0.9143999815 -0.0228562768583
0.0242963850914 0.9143999815 -0.0228562788616
0.0272900258272 0.9143999815 -0.0232675067507
0.0272900370998 0.9143999815 -0.023267507827
0.0302614062126 0.9143999815 -0.0236612495906
0.0302614174958 0.9143999815 -0.0236612506762
0.0332149536827 0.9143999815 -0.0240411431758
0.0332149649552 0.9143999815 -0.0240411442521
0.0361554589379 0.9143999815 -0.024406325945
0.0361554702211 0.9143999815 -0.0244063270306
0.0390869912129 0.9143999815 -0.0247529881024
0.0390870024861 0.9143999815 -0.0247529891887
0.0420113932649 0.9143999815 -0.0250815814844
0.0420114045474 0.9143999815 -0.02508158256
0.0449298376867 0.9143999815 -0.0253951497693
0.0449298489692 0.9143999815 -0.0253951508449
0.047843426358 0.9143999815 -0.0256951918251
0.0478434376306 0.9143999815 -0.0256951929013
0.0507525528193 0.9143999815 -0.0259847721947
0.0507525640919 0.9143999815 -0.025984773271
0.0536560653669 0.9143999815 -0.0262768998762
0.0536560766494 0.9143999815 -0.0262769009518
0.0565514726454 0.9143999815 -0.0265944242679
0.0565514839279 0.9143999815 -0.0265944253435
0.0594391713276 0.9143999815 -0.0269435521987
0.0594391826002 0.9143999815 -0.026943553275
0.0623237040982 0.9143999815 -0.0273016642471
0.0623237153814 0.9143999815 -0.0273016653327
0.065208814852 0.9143999815 -0.027646786896
0.0652088224136 0.9143999815 -0.0276467882318
0.068095326285 0.9143999815 -0.0279736494077
0.0680953338466 0.9143999815 -0.0279736507435
0.070983076287 0.9143999815 -0.0282831911185
0.0709830838486 0.9143999815 -0.0282831924543
0.0738719583609 0.9143999815 -0.0285763455916
0.0738719659225 0.9143999815 -0.0285763469274
0.0767618708856 0.9143999815 -0.0288537958694
0.0767618784472 0.9143999815 -0.0288537972051
0.0796527523275 0.9143999815 -0.0291160503828
0.0796527598898 0.9143999815 -0.0291160517285
0.0825445137569 0.9143999815 -0.0293636531204
0.0825445213185 0.9143999815 -0.0293636544561
0.0854370678007 0.9143999815 -0.0295971703364
0.0854370753623 0.9143999815 -0.0295971716721
0.0883359536636 0.9143999815 -0.0298174190355
0.0883359612259 0.9143999815 -0.0298174203813
0.0883359687975 0.9143999815 -0.0298174217164
0.0912831611458 0.9143999815 -0.0300275015145
0.0912831687074 0.9143999815 -0.0300275028503
0.0943478012329 0.9143999815 -0.0302317249668
0.0943478162264 0.9143999815 -0.0302317257829
0.0975663440952 0.9143999815 -0.0304312660683
0.0975663590886 0.9143999815 -0.0304312668844
0.100946452706 0.9143999815 -0.030624950396
0.100946467699 0.9143999815 -0.0306249512121
0.10449619644 0.9143999815 -0.0308115396324
0.104496211434 0.9143999815 -0.0308115404485
0.108224024528 0.9143999815 -0.0309897838142
0.108224039521 0.9143999815 -0.0309897846303
0.112138788038 0.9143999815 -0.0311584067732
0.112138803031 0.9143999815 -0.0311584075893
0.116249806118 0.9143999815 -0.0313158867417
0.116249821112 0.9143999815 -0.0313158875578
0.120566848762 0.9143999815 -0.0314604202061
0.120566863756 0.9143999815 -0.0314604210222
0.125100156275 0.9143999815 -0.0315900942391
0.125100171268 0.9143999815 -0.0315900950552
0.129860478765 0.9143999815 -0.0317028089957
0.129860493629 0.9143999815 -0.0317028079564
0.134859088177 0.9143999815 -0.0317963422619
0.134859103041 0.9143999815 -0.0317963412225
0.140038456047 0.9143999815 -0.0318678623624
0.140038470911 0.9143999815 -0.031867861323
0.145272673682 0.9143999815 -0.0319220658444
0.145272688545 0.9143999815 -0.031922064805
0.150503014899 0.9143999815 -0.0319682575252
0.150503029763 0.9143999815 -0.0319682564858
0.15573340909 0.9143999815 -0.0319996125193
0.155733424054 0.9143999815 -0.031999611473
0.160963886738 0.9143999815 -0.0320069533044
0.160963901602 0.9143999815 -0.032006952265
0.166194338762 0.9143999815 -0.0319912845869
0.166194353626 0.9143999815 -0.0319912835475
0.171424696354 0.9143999815 -0.0319535447726
0.171424711217 0.9143999815 -0.0319535437332
0.176654855263 0.9143999815 -0.0318945926055
0.176654870126 0.9143999815 -0.0318945915661
0.181884740443 0.9143999815 -0.0318152772791
0.181884755306 0.9143999815 -0.0318152762397
0.187114305439 0.9143999815 -0.0317164311014
0.187114320303 0.9143999815 -0.031716430062
0.192343479617 0.9143999815 -0.0315987498646
0.19234349448 0.9143999815 -0.0315987488252
0.197572205244 0.9143999815 -0.0314629060539
0.197572220108 0.9143999815 -0.0314629050145
0.202800456599 0.9143999815 -0.0313095998093
0.202800471462 0.9143999815 -0.0313095987699
0.208028175469 0.9143999815 -0.0311394924422
0.208028190333 0.9143999815 -0.0311394914028
0.213255358323 0.9143999815 -0.0309531742469
0.213255373187 0.9143999815 -0.0309531732075
0.218481954859 0.9143999815 -0.0307512088854
0.218481969722 0.9143999815 -0.030751207846
0.223707944339 0.9143999815 -0.0305341542332
0.223707959203 0.9143999815 -0.0305341531938
0.22893333196 0.9143999815 -0.030302510346
0.228933346824 0.9143999815 -0.0303025093066
0.234158047877 0.9143999815 -0.0300567750384
0.234158062741 0.9143999815 -0.0300567739991
0.239382110748 0.9143999815 -0.0297974287394
0.239382125612 0.9143999815 -0.0297974277
0.244605521251 0.9143999815 -0.0295249083357
0.244605536115 0.9143999815 -0.0295249072964
0.24982823505 0.9143999815 -0.0292396463639
0.249828249914 0.9143999815 -0.0292396453245
0.255050251064 0.9143999815 -0.0289420574293
0.255050280792 0.9143999815 -0.0289420553505
0.260271595998 0.9143999815 -0.0286325205722
0.260271625726 0.9143999815 -0.0286325184935
0.265492251148 0.9143999815 -0.0283114105404
0.265492280876 0.9143999815 -0.0283114084617
0.270712151759 0.9143999815 -0.0279790828871
0.270712181486 0.9143999815 -0.0279790808084
0.275931380572 0.9143999815 -0.027635867925
0.275931410399 0.9143999815 -0.0276358658393
0.28114993041 0.9143999815 -0.0272820873185
0.281149960137 0.9143999815 -0.0272820852398
0.286367733297 0.9143999815 -0.0269180520267
0.286367763025 0.9143999815 -0.026918049948
0.29158486818 0.9143999815 -0.0265440366215
0.291584897907 0.9143999815 -0.0265440345428
0.296801265365 0.9143999815 -0.0261603260486
0.296801295092 0.9143999815 -0.0261603239699
0.30201697277 0.9143999815 -0.0257671783739
0.302017002498 0.9143999815 -0.0257671762952
0.30723197782 0.9143999815 -0.0253648409373
0.307232007547 0.9143999815 -0.0253648388586
0.312446296364 0.9143999815 -0.0249535404253
0.312446326092 0.9143999815 -0.0249535383466
0.317659914169 0.9143999815 -0.0245335018991
0.317659943896 0.9143999815 -0.0245334998203
0.322872845206 0.9143999815 -0.0241049223137
0.322872874933 0.9143999815 -0.024104920235
0.32808507342 0.9143999815 -0.023668000694
0.328085103148 0.9143999815 -0.0236679986153
0.333296611967 0.9143999815 -0.0232229265941
0.333296641694 0.9143999815 -0.0232229245154
0.338507472738 0.9143999815 -0.0227698672317
0.338507502466 0.9143999815 -0.022769865153
0.3437176375 0.9143999815 -0.0223089919111
0.343717667228 0.9143999815 -0.0223089898324
0.348927117008 0.9143999815 -0.0218404529934
0.348927146735 0.9143999815 -0.0218404509147
0.354135918538 0.9143999815 -0.0213643545444
0.354135948265 0.9143999815 -0.0213643524656
0.359344021457 0.9143999815 -0.0208808287052
0.359344051185 0.9143999815 -0.0208808266264
0.364551435381 0.9143999815 -0.02039001297
0.364551465108 0.9143999815 -0.0203900108913
0.369758168265 0.9143999815 -0.0198920225547
0.369758197993 0.9143999815 -0.0198920204759
0.374964258353 0.9143999815 -0.019386974286
0.37496428808 0.9143999815 -0.0193869722073
0.380169619899 0.9143999815 -0.0188749264371
0.380169649627 0.9143999815 -0.0188749243584
0.385374314539 0.9143999815 -0.0183559045809
0.385374344267 0.9143999815 -0.0183559025022
0.390578319561 0.9143999815 -0.0178300111213
0.390578349288 0.9143999815 -0.0178300090425
0.39578164198 0.9143999815 -0.017297346403
0.395781671708 0.9143999815 -0.0172973443243
0.400984283617 0.9143999815 -0.0167579364428
0.400984313345 0.9143999815 -0.016757934364
0.406186186735 0.9143999815 -0.0162118114114
0.406186216463 0.9143999815 -0.0162118093326
0.411387382722 0.9143999815 -0.0156589915286
0.411387412449 0.9143999815 -0.0156589894499
0.416587901403 0.9143999815 -0.0150994747089
0.416587931131 0.9143999815 -0.0150994726302
0.421787654857 0.9143999815 -0.0145332894949
0.421787684585 0.9143999815 -0.0145332874161
0.426986703098 0.9143999815 -0.0139604354291
0.426986732825 0.9143999815 -0.0139604333503
0.432185016039 0.9143999815 -0.0133809108863
0.432185045766 0.9143999815 -0.0133809088075
0.437382593839 0.9143999815 -0.0127947195944
0.437382623567 0.9143999815 -0.0127947175156
0.442579376365 0.9143999815 -0.0122018545411
0.442579406092 0.9143999815 -0.0122018524623
0.447775388665 0.9143999815 -0.0116022467611
0.447775418393 0.9143999815 -0.0116022446823
0.452970627524 0.9143999815 -0.0109958516801
0.452970657251 0.9143999815 -0.0109958496014
0.458165090539 0.9143999815 -0.0103826320951
0.458165120266 0.9143999815 -0.0103826300164
0.463358683133 0.9143999815 -0.00976251995765
0.46335871286 0.9143999815 -0.00976251787891
0.468551461123 0.9143999815 -0.00913545906734
0.46855149085 0.9143999815 -0.0091354569886
0.473743391342 0.9143999815 -0.00850139946601
0.473743421069 0.9143999815 -0.00850139738727
0.478934436068 0.9143999815 -0.00786023176856
0.478934465796 0.9143999815 -0.00786022968982
0.484124649139 0.9143999815 -0.00721187004021
0.484124678866 0.9143999815 -0.00721186796147
0.489313905407 0.9143999815 -0.00655623341371
0.489313935134 0.9143999815 -0.00655623133497
0.494502225926 0.9143999815 -0.00589319718674
0.494502255523 0.9143999815 -0.00589319325252
0.499689572491 0.9143999815 -0.00522264078056
0.499689602089 0.9143999815 -0.00522263684634
0.504875907741 0.9143999815 -0.004544458534
0.50487590761 0.9143999815 -0.00454445666855
0.510061225637 0.9143999815 -0.00385856122096
0.510061225507 0.9143999815 -0.00385855936549
0.515245515615 0.9143999815 -0.00316480208079
0.515245515486 0.9143999815 -0.00316480022532
0.520428766673 0.9143999815 -0.00246301944728
0.520428766542 0.9143999815 -0.00246301758184
0.525281721067 0.9143999815 -0.00179886949559
0.525281720937 0.9143999815 -0.00179886764012
0.529113303758 0.9143999815 -0.00126969635905
0.529113303758 0.9143999815 -0.00126969635905
0.53166431393 0.9143999815 -0.000914744921114
0.53166431393 0.9143999815 -0.000914744921114
0.533022682765 0.9143999815 -0.000687570555765
0.533400010388 0.9143999815 -0.000522730970399
0.533400010388 0.9143999815 -0.000522730970399
0.533400022814 0.9143999815 -0.000373377024922
0.533400022814 0.9143999815 -0.000373377024922
0.533400035369 0.9143999815 -0.000224024934914
0.533400035369 0.9143999815 -0.000224024934914
0.53339998834 0.9143999815 -7.46751469223e-05
0.53339998834 0.9143999815 -7.46751469223e-05
0.533399941311 0.9143999815 7.4674641069e-05
0.533399941311 0.9143999815 7.4674641069e-05
0.533400013191 0.9143999815 0.000224032744032
0.533400013191 0.9143999815 0.000224032744032
0.533399966292 0.9143999815 0.000373380676554
0.533399966292 0.9143999815 0.000373380676554
0.533399978848 0.9143999815 0.000522732766562
0.533399978848 0.9143999815 0.000522732766562
0.533399978848 0.9143999815 0.000522732766562
0.533022419597 0.9143999815 0.000687614027069

ZONE T="SLICE_Y_0p9144_BINS07_KS_0p5334mm_SINGLE_LAYER"
0.533022419597 0.9143999815 0.000687614027069
0.531663041199 0.9143999815 0.000914927988936
0.531663041069 0.9143999815 0.000914929844405
0.529110172117 0.9143999815 0.00127013259445
0.529110171988 0.9143999815 0.00127013444992
0.525267754383 0.9143999815 0.0018007901277
0.525267754123 0.9143999815 0.00180079383864
0.520386900555 0.9143999815 0.00246869821635
0.520386900295 0.9143999815 0.00246870193727
0.515167486488 0.9143999815 0.00317528119662
0.515167486227 0.9143999815 0.00317528491754
0.509947027305 0.9143999815 0.00387373975269
0.509947027045 0.9143999815 0.00387374347361
0.504725452769 0.9143999815 0.00456422396045
0.504725452509 0.9143999815 0.00456422768137
0.499502931268 0.9143999815 0.00524688749057
0.499502901281 0.9143999815 0.00524688913274
0.494279367614 0.9143999815 0.00592181145053
0.494279337627 0.9143999815 0.00592181309271
0.489054812946 0.9143999815 0.00658911891744
0.489054782958 0.9143999815 0.00658912055961
0.483829316714 0.9143999815 0.0072489571194
0.483829286626 0.9143999815 0.00724895875459
0.47860287284 0.9143999815 0.00790141153071
0.478602842853 0.9143999815 0.0079014131629
0.473375535133 0.9143999815 0.00854656992864
0.473375505146 0.9143999815 0.00854657156084
0.468147326885 0.9143999815 0.00918452356023
0.468147296897 0.9143999815 0.0091845252024
0.462918242217 0.9143999815 0.00981535792367
0.462918212229 0.9143999815 0.00981535956584
0.457688304655 0.9143999815 0.0104391652147
0.457688274667 0.9143999815 0.0104391668568
0.452457569166 0.9143999815 0.011056010897
0.452457539179 0.9143999815 0.0110560125292
0.447226003526 0.9143999815 0.0116659300482
0.447225973539 0.9143999815 0.0116659316903
0.441993632558 0.9143999815 0.0122689963062
0.441993602571 0.9143999815 0.0122689979434
0.436760482996 0.9143999815 0.0128652516793
0.436760453009 0.9143999815 0.0128652533165
0.431526615275 0.9143999815 0.0134546891902
0.431526585221 0.9143999815 0.0134546903565
0.426291937999 0.9143999815 0.0140373313913
0.426291908044 0.9143999815 0.0140373325637
0.421056537397 0.9143999815 0.0146132281893
0.421056507442 0.9143999815 0.0146132293626
0.415820353625 0.9143999815 0.0151823824026
0.41582032367 0.9143999815 0.0151823835759
0.410583476677 0.9143999815 0.0157447872532
0.410583446722 0.9143999815 0.0157447884265
0.40534584789 0.9143999815 0.0163004258029
0.405345817936 0.9143999815 0.0163004269752
0.400107528138 0.9143999815 0.0168492848026
0.400107498176 0.9143999815 0.0168492860916
0.394868489311 0.9143999815 0.0173913376046
0.394868459352 0.9143999815 0.0173913388356
0.389628795555 0.9143999815 0.0179265212706
0.389628765599 0.9143999815 0.0179265224594
0.38438833374 0.9143999815 0.0184547448326
0.384388303786 0.9143999815 0.0184547460056
0.379147164599 0.9143999815 0.0189759941828
0.379147134645 0.9143999815 0.0189759953552
0.373905348721 0.9143999815 0.0194902572492
0.373905318766 0.9143999815 0.0194902584225
0.368662835308 0.9143999815 0.01999740608
0.368662805353 0.9143999815 0.0199974072523
0.363419605043 0.9143999815 0.020497289713
0.363419575088 0.9143999815 0.0204972908864
0.35817568967 0.9143999815 0.0209898828291
0.358175659715 0.9143999815 0.0209898840024
0.352931094528 0.9143999815 0.0214751062115
0.352931064573 0.9143999815 0.0214751073848
0.347685803631 0.9143999815 0.021952762688
0.347685773676 0.9143999815 0.0219527638603
0.342439825916 0.9143999815 0.022422725912
0.342439795961 0.9143999815 0.0224227270853
0.33719310975 0.9143999815 0.0228848769763
0.337193079828 0.9143999815 0.0228848776848
0.331945756275 0.9143999815 0.0233390539718
0.331945726353 0.9143999815 0.0233390546802
0.326697658468 0.9143999815 0.0237850771639
0.326697628545 0.9143999815 0.0237850778784
0.321448887441 0.9143999815 0.024222782544
0.321448857519 0.9143999815 0.0242227832584
0.316199426401 0.9143999815 0.0246519859607
0.316199396479 0.9143999815 0.0246519866751
0.310949229726 0.9143999815 0.0250724825627
0.310949199804 0.9143999815 0.0250724832672
0.305698342545 0.9143999815 0.0254840570337
0.305698312622 0.9143999815 0.0254840577481
0.300446750912 0.9143999815 0.0258864787489
0.300446720989 0.9143999815 0.0258864794633
0.295194412268 0.9143999815 0.0262795047879
0.295194382346 0.9143999815 0.0262795055023
0.289941403669 0.9143999815 0.0266628847458
0.289941373812 0.9143999815 0.0266628845225
0.284687655199 0.9143999815 0.0270363383026
0.284687625341 0.9143999815 0.0270363380893
0.279433216008 0.9143999815 0.0273995897655
0.27943318615 0.9143999815 0.0273995895522
0.274178047431 0.9143999815 0.0277523376828
0.274178017573 0.9143999815 0.0277523374595
0.268922171816 0.9143999815 0.028094262445
0.268922141959 0.9143999815 0.0280942622218
0.263665552318 0.9143999815 0.0284250365842
0.26366552246 0.9143999815 0.0284250363709
0.258408272716 0.9143999815 0.0287443149437
0.258408242859 0.9143999815 0.0287443147205
0.253150240159 0.9143999815 0.0290517194456
0.253150210301 0.9143999815 0.0290517192323
0.247891495686 0.9143999815 0.0293468739264
0.247891480693 0.9143999815 0.0293468747425
0.24263209784 0.9143999815 0.0296293698244
0.242632082846 0.9143999815 0.0296293706405
0.237372001826 0.9143999815 0.0298987782904
0.237371986832 0.9143999815 0.0298987791065
0.232111238767 0.9143999815 0.0301546571081
0.232111223774 0.9143999815 0.0301546579242
0.226849795967 0.9143999815 0.0303965441864
0.226849780974 0.9143999815 0.0303965450025
0.221587722691 0.9143999815 0.0306239500393
0.221587707697 0.9143999815 0.0306239508554
0.216325024712 0.9143999815 0.0308363634643
0.216325009718 0.9143999815 0.0308363642804
0.211061709693 0.9143999815 0.0310332491019
0.211061694699 0.9143999815 0.031033249918
0.205797817394 0.9143999815 0.0312140383705
0.2057978024 0.9143999815 0.0312140391866
0.200533389522 0.9143999815 0.0313781348266
0.200533374529 0.9143999815 0.0313781356427
0.195268456721 0.9143999815 0.0315248852165
0.195268441727 0.9143999815 0.0315248860326
0.19000305152 0.9143999815 0.0316536121692
0.190003036526 0.9143999815 0.0316536129853
0.184737219557 0.9143999815 0.031763661615
0.184737204563 0.9143999815 0.0317636624311
0.179471011863 0.9143999815 0.0318543051895
0.17947099687 0.9143999815 0.0318543060056
0.174204501383 0.9143999815 0.0319247133503
0.17420448639 0.9143999815 0.0319247141664
0.168937758591 0.9143999815 0.0319740918686
0.168937743597 0.9143999815 0.0319740926946
0.163670858409 0.9143999815 0.0320015814776
0.163670843415 0.9143999815 0.0320015823037
0.158403882845 0.9143999815 0.032006224435
0.158403867851 0.9143999815 0.032006225261
0.153136944474 0.9143999815 0.0319870502093
0.153136929481 0.9143999815 0.0319870510254
0.147870163708 0.9143999815 0.0319429805135
0.147870148714 0.9143999815 0.0319429813296
0.14260233369 0.9143999815 0.0318729002552
0.142602318697 0.9143999815 0.0318729010713
0.137395027744 0.9143999815 0.0317772275609
0.137395012881 0.9143999815 0.0317772265215
0.132372216959 0.9143999815 0.0316588897372
0.132372202095 0.9143999815 0.0316588886978
0.127589248499 0.9143999815 0.0315210400084
0.127589233635 0.9143999815 0.031521038969
0.123034793026 0.9143999815 0.0313659110183
0.123034778162 0.9143999815 0.031365909979
0.118698043979 0.9143999815 0.0311955217376
0.118698029115 0.9143999815 0.0311955206982
0.114568700635 0.9143999815 0.0310118107664
0.114568685772 0.9143999815 0.031011809727
0.110636947669 0.9143999815 0.0308166161796
0.110636932805 0.9143999815 0.0308166151402
0.106893412351 0.9143999815 0.0306116352533
0.106893397488 0.9143999815 0.0306116342139
0.103329184999 0.9143999815 0.0303983586104
0.103329170136 0.9143999815 0.030398357571
0.0999357373549 0.9143999815 0.0301781579211
0.0999357224912 0.9143999815 0.0301781568817
0.0967049689741 0.9143999815 0.0299523750256
0.0967049541104 0.9143999815 0.0299523739862
0.0936291414129 0.9143999815 0.0297221978209
0.0936291265492 0.9143999815 0.0297221967816
0.0907008744902 0.9143999815 0.0294887085481
0.0907008670484 0.9143999815 0.0294887080277
0.087857958963 0.9143999815 0.0292478745262
0.0878579515311 0.9143999815 0.0292478740065
0.0878579440993 0.9143999815 0.0292478734868
0.0850069857993 0.9143999815 0.0289918569456
0.0821353426392 0.9143999815 0.0287190194966
0.0821353352074 0.9143999815 0.0287190189769
0.0792652060679 0.9143999815 0.0284306179185
0.0792651986361 0.9143999815 0.0284306173988
0.0763967605625 0.9143999815 0.0281259368972
0.0763967531306 0.9143999815 0.0281259363775
0.0735301685441 0.9143999815 0.0278042558475
0.0735301611123 0.9143999815 0.0278042553278
0.0706656272336 0.9143999815 0.0274648902392
0.0706656198017 0.9143999815 0.0274648897195
0.067803345587 0.9143999815 0.0271069882935
0.0678033381552 0.9143999815 0.0271069877738
0.0649435690232 0.9143999815 0.0267296037048
0.0649435615914 0.9143999815 0.0267296031852
0.0620865591334 0.9143999815 0.026331772633
0.0620865517016 0.9143999815 0.0263317721133
0.0592326418833 0.9143999815 0.0259124647563
0.0592326307405 0.9143999815 0.0259124639772
0.0563821548972 0.9143999815 0.0254704302719
0.0563821437444 0.9143999815 0.0254704294921
0.0535355153342 0.9143999815 0.0250042960745
0.0535355043112 0.9143999815 0.0250042934392
0.0506931827182 0.9143999815 0.0245126173594
0.0506931717051 0.9143999815 0.0245126147247
0.0478556926425 0.9143999815 0.0239937697808
0.0478556816301 0.9143999815 0.0239937671362
0.0450236968332 0.9143999815 0.0234458028596
0.0450236858101 0.9143999815 0.0234458002243
0.0421979347242 0.9143999815 0.0228665799814
0.0421979237019 0.9143999815 0.0228665773361
0.0393793017184 0.9143999815 0.0222537102323
0.0393792906954 0.9143999815 0.0222537075969
0.0365688856635 0.9143999815 0.0216042934118
0.0365688746412 0.9143999815 0.0216042907665
0.0337680004757 0.9143999815 0.0209150268089
0.0337679894527 0.9143999815 0.0209150241736
0.0309782564633 0.9143999815 0.0201821075395
0.0309782454402 0.9143999815 0.0201821049041
0.0281977135038 0.9143999815 0.0194141085205
0.0281977024807 0.9143999815 0.0194141058851
0.0254241204517 0.9143999815 0.0186183896685
0.0254241094287 0.9143999815 0.0186183870331
0.0226538316573 0.9143999815 0.017801772703
0.0226538206343 0.9143999815 0.0178017700677
0.0198799685301 0.9143999815 0.0169752300061
0.0198799575178 0.9143999815 0.0169752273615
0.0171040964714 0.9143999815 0.0161200870645
0.0171040854491 0.9143999815 0.0161200844192
0.0143234344529 0.9143999815 0.0152224161963
0.0143234234398 0.9143999815 0.0152224135617
0.0115022580103 0.9143999815 0.0143221027476
0.0115022479257 0.9143999815 0.0143221001678
0.00858701863586 0.9143999815 0.0134445565803
0.00858700761783 0.9143999815 0.0134445539453
0.00556876061967 0.9143999815 0.0126061018607
0.00556874960134 0.9143999815 0.0126060992157
0.00247555905219 0.9143999815 0.0118629904147
0.00247554780143 0.9143999815 0.0118629877534
-0.000673412550366 0.9143999815 0.0111261460138
-0.000673424033761 0.9143999815 0.0111261433463
-0.0039296626819 0.9143999815 0.0101938893567
-0.00392967462896 0.9143999815 0.0101938866467
-0.00852765465234 0.9143999815 0.009368702176
-0.00852767124576 0.9143999815 0.00936869915113
-0.0173851471129 0.9143999815 0.00871235926739
-0.0173851787058 0.9143999815 0.00871235705821
-0.0216810290371 0.9143999815 0.00541176283573
-0.0216810449863 0.9143999815 0.00541175051314
-0.0182514795903 0.9143999815 0.000151895228528
-0.0182514670831 0.9143999815 0.000151876495355
-0.0151070685792 0.9143999815 -0.00402363613487
-0.0151070572598 0.9143999815 -0.004023651214
-0.0117442333671 0.9143999815 -0.00711261717125
-0.0117442213698 0.9143999815 -0.00711262846888
-0.00771124799407 0.9143999815 -0.00906430750282
-0.00771123349372 0.9143999815 -0.00906431459941
-0.00449253947131 0.9143999815 -0.0107304614141
-0.00449252784338 0.9143999815 -0.0107304674868
-0.00263809735174 0.9143999815 -0.0132151612631
-0.00263809064659 0.9143999815 -0.0132151703635
-0.00107372881642 0.9143999815 -0.0163226020289
-0.00107372312722 0.9143999815 -0.0163226133015
0.00105672171123 0.9143999815 -0.0193717121005
0.00105672943472 0.9143999815 -0.0193717227577
0.00368617305699 0.9143999815 -0.0220817576616
0.00368618259744 0.9143999815 -0.0220817672694
0.00710290267774 0.9143999815 -0.0232047918964
0.00710291508031 0.9143999815 -0.0232047957005
0.0113435360477 0.9143999815 -0.0220801081129
0.0113435516438 0.9143999815 -0.0220801042155
0.0151702674625 0.9143999815 -0.0212722015838
0.0151702812687 0.9143999815 -0.0212721987538
0.0183130492831 0.9143999815 -0.0216815727939
0.0183130605564 0.9143999815 -0.0216815738802
0.0213767981787 0.9143999815 -0.0221163878822
0.0213768095168 0.9143999815 -0.0221163898962
0.0243798269084 0.9143999815 -0.0225903887999
0.0243798382458 0.9143999815 -0.0225903908039
0.027344649836 0.9143999815 -0.023080634882
0.0273446611185 0.9143999815 -0.0230806359576
0.0302897967452 0.9143999815 -0.0235575097522
0.0302898080184 0.9143999815 -0.0235575108384
0.033222506727 0.9143999815 -0.0240123886475
0.0332225180102 0.9143999815 -0.024012389733
0.0361465031264 0.9143999815 -0.02444514004
0.0361465143997 0.9143999815 -0.0244451411263
0.039064345409 0.9143999815 -0.0248556241702
0.0390643566915 0.9143999815 -0.0248556252458
0.0419771158506 0.9143999815 -0.025245860341
0.0419771271331 0.9143999815 -0.0252458614166
0.0448859677762 0.9143999815 -0.0256176556327
0.0448859790594 0.9143999815 -0.0256176567183
0.0477917422921 0.9143999815 -0.0259725178254
0.0477917535647 0.9143999815 -0.0259725189017
0.0506939087768 0.9143999815 -0.026317491584
0.0506939200593 0.9143999815 -0.0263174926596
0.0535916078286 0.9143999815 -0.0266631436973
0.0535916191018 0.9143999815 -0.0266631447836
0.0564859320613 0.9143999815 -0.0270086509032
0.0564859433438 0.9143999815 -0.0270086519788
0.0593791855953 0.9143999815 -0.0273433322961
0.0593791968685 0.9143999815 -0.0273433333823
0.0622725072137 0.9143999815 -0.0276615776322
0.0622725184962 0.9143999815 -0.0276615787078
0.0651661621229 0.9143999815 -0.0279631741735
0.0651661696845 0.9143999815 -0.0279631755093
0.0680602143141 0.9143999815 -0.0282485562242
0.0680602218757 0.9143999815 -0.0282485575599
0.0709546031879 0.9143999815 -0.0285185664039
0.0709546107495 0.9143999815 -0.0285185677397
0.0738492865459 0.9143999815 -0.0287740964486
0.0738492941075 0.9143999815 -0.0287740977844
0.0767442801357 0.9143999815 -0.0290157987589
0.076744287708 0.9143999815 -0.029015800104
0.0796396005741 0.9143999815 -0.0292440176245
0.0796396081364 0.9143999815 -0.0292440189702
0.0825352386324 0.9143999815 -0.0294590486992
0.0825352461947 0.9143999815 -0.0294590500449
0.0854311567827 0.9143999815 -0.0296614230244
0.0854311643443 0.9143999815 -0.0296614243602
0.0883327892055 0.9143999815 -0.0298537667782
0.0883327967671 0.9143999815 -0.029853768114
0.0883328043294 0.9143999815 -0.0298537694598
0.0912817924821 0.9143999815 -0.0300441368205
0.0912818000437 0.9143999815 -0.0300441381562
0.0943471832777 0.9143999815 -0.0302397635047
0.0943471982711 0.9143999815 -0.0302397643208
0.0975658676899 0.9143999815 -0.0304379111176
0.0975658826834 0.9143999815 -0.0304379119337
0.100945985068 0.9143999815 -0.0306320410893
0.100946000062 0.9143999815 -0.0306320419054
0.104495730203 0.9143999815 -0.0308191847787
0.104495745196 0.9143999815 -0.0308191855948
0.108223567412 0.9143999815 -0.0309979866125
0.108223582406 0.9143999815 -0.0309979874386
0.112138354075 0.9143999815 -0.0311670467515
0.112138369068 0.9143999815 -0.0311670475676
0.116249402795 0.9143999815 -0.0313248588016
0.116249417789 0.9143999815 -0.0313248596177
0.120566475039 0.9143999815 -0.0314697094839
0.120566490033 0.9143999815 -0.03146971031
0.125099825351 0.9143999815 -0.031599781972
0.125099840344 0.9143999815 -0.0315997827881
0.129860179698 0.9143999815 -0.0317130583946
0.129860194562 0.9143999815 -0.0317130573552
0.134858845501 0.9143999815 -0.0318073980815
0.134858860365 0.9143999815 -0.0318073970422
0.140038210154 0.9143999815 -0.0318814353782
0.140038225017 0.9143999815 -0.0318814343389
0.145272488546 0.9143999815 -0.0319367213288
0.145272503409 0.9143999815 -0.0319367202894
0.150502942728 0.9143999815 -0.0319755558379
0.150502957591 0.9143999815 -0.0319755547985
0.155733410547 0.9143999815 -0.0320000605491
0.15573342541 0.9143999815 -0.0320000595097
0.160963886738 0.9143999815 -0.0320069533044
0.160963901602 0.9143999815 -0.032006952265
0.166194338762 0.9143999815 -0.0319912845869
0.166194353626 0.9143999815 -0.0319912835475
0.171424696354 0.9143999815 -0.0319535447726
0.171424711217 0.9143999815 -0.0319535437332
0.176654855263 0.9143999815 -0.0318945926055
0.176654870126 0.9143999815 -0.0318945915661
0.181884740443 0.9143999815 -0.0318152772791
0.181884755306 0.9143999815 -0.0318152762397
0.187114305439 0.9143999815 -0.0317164311014
0.187114320303 0.9143999815 -0.031716430062
0.192343479617 0.9143999815 -0.0315987498646
0.19234349448 0.9143999815 -0.0315987488252
0.197572205244 0.9143999815 -0.0314629060539
0.197572220108 0.9143999815 -0.0314629050145
0.202800456599 0.9143999815 -0.0313095998093
0.202800471462 0.9143999815 -0.0313095987699
0.208028175469 0.9143999815 -0.0311394924422
0.208028190333 0.9143999815 -0.0311394914028
0.213255358323 0.9143999815 -0.0309531742469
0.213255373187 0.9143999815 -0.0309531732075
0.218481954859 0.9143999815 -0.0307512088854
0.218481969722 0.9143999815 -0.030751207846
0.223707944339 0.9143999815 -0.0305341542332
0.223707959203 0.9143999815 -0.0305341531938
0.22893333196 0.9143999815 -0.030302510346
0.228933346824 0.9143999815 -0.0303025093066
0.234158047877 0.9143999815 -0.0300567750384
0.234158062741 0.9143999815 -0.0300567739991
0.239382110748 0.9143999815 -0.0297974287394
0.239382125612 0.9143999815 -0.0297974277
0.244605521251 0.9143999815 -0.0295249083357
0.244605536115 0.9143999815 -0.0295249072964
0.24982823505 0.9143999815 -0.0292396463639
0.249828249914 0.9143999815 -0.0292396453245
0.255050251064 0.9143999815 -0.0289420574293
0.255050280792 0.9143999815 -0.0289420553505
0.260271595998 0.9143999815 -0.0286325205722
0.260271625726 0.9143999815 -0.0286325184935
0.265492251148 0.9143999815 -0.0283114105404
0.265492280876 0.9143999815 -0.0283114084617
0.270712151759 0.9143999815 -0.0279790828871
0.270712181486 0.9143999815 -0.0279790808084
0.275931380572 0.9143999815 -0.027635867925
0.275931410399 0.9143999815 -0.0276358658393
0.28114993041 0.9143999815 -0.0272820873185
0.281149960137 0.9143999815 -0.0272820852398
0.286367733297 0.9143999815 -0.0269180520267
0.286367763025 0.9143999815 -0.026918049948
0.29158486818 0.9143999815 -0.0265440366215
0.291584897907 0.9143999815 -0.0265440345428
0.296801265365 0.9143999815 -0.0261603260486
0.296801295092 0.9143999815 -0.0261603239699
0.30201697277 0.9143999815 -0.0257671783739
0.302017002498 0.9143999815 -0.0257671762952
0.30723197782 0.9143999815 -0.0253648409373
0.307232007547 0.9143999815 -0.0253648388586
0.312446296364 0.9143999815 -0.0249535404253
0.312446326092 0.9143999815 -0.0249535383466
0.317659914169 0.9143999815 -0.0245335018991
0.317659943896 0.9143999815 -0.0245334998203
0.322872845206 0.9143999815 -0.0241049223137
0.322872874933 0.9143999815 -0.024104920235
0.32808507342 0.9143999815 -0.023668000694
0.328085103148 0.9143999815 -0.0236679986153
0.333296611967 0.9143999815 -0.0232229265941
0.333296641694 0.9143999815 -0.0232229245154
0.338507472738 0.9143999815 -0.0227698672317
0.338507502466 0.9143999815 -0.022769865153
0.3437176375 0.9143999815 -0.0223089919111
0.343717667228 0.9143999815 -0.0223089898324
0.348927117008 0.9143999815 -0.0218404529934
0.348927146735 0.9143999815 -0.0218404509147
0.354135918538 0.9143999815 -0.0213643545444
0.354135948265 0.9143999815 -0.0213643524656
0.359344021457 0.9143999815 -0.0208808287052
0.359344051185 0.9143999815 -0.0208808266264
0.364551435381 0.9143999815 -0.02039001297
0.364551465108 0.9143999815 -0.0203900108913
0.369758168265 0.9143999815 -0.0198920225547
0.369758197993 0.9143999815 -0.0198920204759
0.374964258353 0.9143999815 -0.019386974286
0.37496428808 0.9143999815 -0.0193869722073
0.380169619899 0.9143999815 -0.0188749264371
0.380169649627 0.9143999815 -0.0188749243584
0.385374314539 0.9143999815 -0.0183559045809
0.385374344267 0.9143999815 -0.0183559025022
0.390578319561 0.9143999815 -0.0178300111213
0.390578349288 0.9143999815 -0.0178300090425
0.39578164198 0.9143999815 -0.017297346403
0.395781671708 0.9143999815 -0.0172973443243
0.400984283617 0.9143999815 -0.0167579364428
0.400984313345 0.9143999815 -0.016757934364
0.406186186735 0.9143999815 -0.0162118114114
0.406186216463 0.9143999815 -0.0162118093326
0.411387382722 0.9143999815 -0.0156589915286
0.411387412449 0.9143999815 -0.0156589894499
0.416587901403 0.9143999815 -0.0150994747089
0.416587931131 0.9143999815 -0.0150994726302
0.421787654857 0.9143999815 -0.0145332894949
0.421787684585 0.9143999815 -0.0145332874161
0.426986703098 0.9143999815 -0.0139604354291
0.426986732825 0.9143999815 -0.0139604333503
0.432185016039 0.9143999815 -0.0133809108863
0.432185045766 0.9143999815 -0.0133809088075
0.437382593839 0.9143999815 -0.0127947195944
0.437382623567 0.9143999815 -0.0127947175156
0.442579376365 0.9143999815 -0.0122018545411
0.442579406092 0.9143999815 -0.0122018524623
0.447775388665 0.9143999815 -0.0116022467611
0.447775418393 0.9143999815 -0.0116022446823
0.452970627524 0.9143999815 -0.0109958516801
0.452970657251 0.9143999815 -0.0109958496014
0.458165090539 0.9143999815 -0.0103826320951
0.458165120266 0.9143999815 -0.0103826300164
0.463358683133 0.9143999815 -0.00976251995765
0.46335871286 0.9143999815 -0.00976251787891
0.468551461123 0.9143999815 -0.00913545906734
0.46855149085 0.9143999815 -0.0091354569886
0.473743391342 0.9143999815 -0.00850139946601
0.473743421069 0.9143999815 -0.00850139738727
0.478934436068 0.9143999815 -0.00786023176856
0.478934465796 0.9143999815 -0.00786022968982
0.484124649139 0.9143999815 -0.00721187004021
0.484124678866 0.9143999815 -0.00721186796147
0.489313905407 0.9143999815 -0.00655623341371
0.489313935134 0.9143999815 -0.00655623133497
0.494502225926 0.9143999815 -0.00589319718674
0.494502255523 0.9143999815 -0.00589319325252
0.499689572491 0.9143999815 -0.00522264078056
0.499689602089 0.9143999815 -0.00522263684634
0.504875907741 0.9143999815 -0.004544458534
0.50487590761 0.9143999815 -0.00454445666855
0.510061225637 0.9143999815 -0.00385856122096
0.510061225507 0.9143999815 -0.00385855936549
0.515245515615 0.9143999815 -0.00316480208079
0.515245515486 0.9143999815 -0.00316480022532
0.520428766673 0.9143999815 -0.00246301944728
0.520428766542 0.9143999815 -0.00246301758184
0.525281721067 0.9143999815 -0.00179886949559
0.525281720937 0.9143999815 -0.00179886764012
0.529113303758 0.9143999815 -0.00126969635905
0.529113303758 0.9143999815 -0.00126969635905
0.53166431393 0.9143999815 -0.000914744921114
0.53166431393 0.9143999815 -0.000914744921114
0.533022682765 0.9143999815 -0.000687570555765
0.533400010388 0.9143999815 -0.000522730970399
0.533400010388 0.9143999815 -0.000522730970399
0.533400022814 0.9143999815 -0.000373377024922
0.533400022814 0.9143999815 -0.000373377024922
0.533400035369 0.9143999815 -0.000224024934914
0.533400035369 0.9143999815 -0.000224024934914
0.53339998834 0.9143999815 -7.46751469223e-05
0.53339998834 0.9143999815 -7.46751469223e-05
0.533399941311 0.9143999815 7.4674641069e-05
0.533399941311 0.9143999815 7.4674641069e-05
0.533400013191 0.9143999815 0.000224032744032
0.533400013191 0.9143999815 0.000224032744032
0.533399966292 0.9143999815 0.000373380676554
0.533399966292 0.9143999815 0.000373380676554
0.533399978848 0.9143999815 0.000522732766562
0.533399978848 0.9143999815 0.000522732766562
0.533399978848 0.9143999815 0.000522732766562
0.533022419597 0.9143999815 0.000687614027069

ZONE T="SLICE_Y_0p9144_BINS15_KS_0p5334mm_SINGLE_LAYER"
0.533022419597 0.9143999815 0.000687614027069
0.531663041199 0.9143999815 0.000914927988936
0.531663041069 0.9143999815 0.000914929844405
0.529110172117 0.9143999815 0.00127013259445
0.529110171988 0.9143999815 0.00127013444992
0.525267754383 0.9143999815 0.0018007901277
0.525267754123 0.9143999815 0.00180079383864
0.520386900555 0.9143999815 0.00246869821635
0.520386900295 0.9143999815 0.00246870193727
0.515167486488 0.9143999815 0.00317528119662
0.515167486227 0.9143999815 0.00317528491754
0.509947027305 0.9143999815 0.00387373975269
0.509947027045 0.9143999815 0.00387374347361
0.504725452769 0.9143999815 0.00456422396045
0.504725452509 0.9143999815 0.00456422768137
0.499502931268 0.9143999815 0.00524688749057
0.499502901281 0.9143999815 0.00524688913274
0.494279367614 0.9143999815 0.00592181145053
0.494279337627 0.9143999815 0.00592181309271
0.489054812946 0.9143999815 0.00658911891744
0.489054782958 0.9143999815 0.00658912055961
0.483829316714 0.9143999815 0.0072489571194
0.483829286626 0.9143999815 0.00724895875459
0.47860287284 0.9143999815 0.00790141153071
0.478602842853 0.9143999815 0.0079014131629
0.473375535133 0.9143999815 0.00854656992864
0.473375505146 0.9143999815 0.00854657156084
0.468147326885 0.9143999815 0.00918452356023
0.468147296897 0.9143999815 0.0091845252024
0.462918242217 0.9143999815 0.00981535792367
0.462918212229 0.9143999815 0.00981535956584
0.457688304655 0.9143999815 0.0104391652147
0.457688274667 0.9143999815 0.0104391668568
0.452457569166 0.9143999815 0.011056010897
0.452457539179 0.9143999815 0.0110560125292
0.447226003526 0.9143999815 0.0116659300482
0.447225973539 0.9143999815 0.0116659316903
0.441993632558 0.9143999815 0.0122689963062
0.441993602571 0.9143999815 0.0122689979434
0.436760482996 0.9143999815 0.0128652516793
0.436760453009 0.9143999815 0.0128652533165
0.431526615275 0.9143999815 0.0134546891902
0.431526585221 0.9143999815 0.0134546903565
0.426291937999 0.9143999815 0.0140373313913
0.426291908044 0.9143999815 0.0140373325637
0.421056537397 0.9143999815 0.0146132281893
0.421056507442 0.9143999815 0.0146132293626
0.415820353625 0.9143999815 0.0151823824026
0.41582032367 0.9143999815 0.0151823835759
0.410583476677 0.9143999815 0.0157447872532
0.410583446722 0.9143999815 0.0157447884265
0.40534584789 0.9143999815 0.0163004258029
0.405345817936 0.9143999815 0.0163004269752
0.400107528138 0.9143999815 0.0168492848026
0.400107498176 0.9143999815 0.0168492860916
0.394868489311 0.9143999815 0.0173913376046
0.394868459352 0.9143999815 0.0173913388356
0.389628795555 0.9143999815 0.0179265212706
0.389628765599 0.9143999815 0.0179265224594
0.38438833374 0.9143999815 0.0184547448326
0.384388303786 0.9143999815 0.0184547460056
0.379147164599 0.9143999815 0.0189759941828
0.379147134645 0.9143999815 0.0189759953552
0.373905348721 0.9143999815 0.0194902572492
0.373905318766 0.9143999815 0.0194902584225
0.368662835308 0.9143999815 0.01999740608
0.368662805353 0.9143999815 0.0199974072523
0.363419605043 0.9143999815 0.020497289713
0.363419575088 0.9143999815 0.0204972908864
0.35817568967 0.9143999815 0.0209898828291
0.358175659715 0.9143999815 0.0209898840024
0.352931094528 0.9143999815 0.0214751062115
0.352931064573 0.9143999815 0.0214751073848
0.347685803631 0.9143999815 0.021952762688
0.347685773676 0.9143999815 0.0219527638603
0.342439825916 0.9143999815 0.022422725912
0.342439795961 0.9143999815 0.0224227270853
0.33719310975 0.9143999815 0.0228848769763
0.337193079828 0.9143999815 0.0228848776848
0.331945756275 0.9143999815 0.0233390539718
0.331945726353 0.9143999815 0.0233390546802
0.326697658468 0.9143999815 0.0237850771639
0.326697628545 0.9143999815 0.0237850778784
0.321448887441 0.9143999815 0.024222782544
0.321448857519 0.9143999815 0.0242227832584
0.316199426401 0.9143999815 0.0246519859607
0.316199396479 0.9143999815 0.0246519866751
0.310949229726 0.9143999815 0.0250724825627
0.310949199804 0.9143999815 0.0250724832672
0.305698342545 0.9143999815 0.0254840570337
0.305698312622 0.9143999815 0.0254840577481
0.300446750912 0.9143999815 0.0258864787489
0.300446720989 0.9143999815 0.0258864794633
0.295194412268 0.9143999815 0.0262795047879
0.295194382346 0.9143999815 0.0262795055023
0.289941403669 0.9143999815 0.0266628847458
0.289941373812 0.9143999815 0.0266628845225
0.284687655199 0.9143999815 0.0270363383026
0.284687625341 0.9143999815 0.0270363380893
0.279433216008 0.9143999815 0.0273995897655
0.27943318615 0.9143999815 0.0273995895522
0.274178047431 0.9143999815 0.0277523376828
0.274178017573 0.9143999815 0.0277523374595
0.268922171816 0.9143999815 0.028094262445
0.268922141959 0.9143999815 0.0280942622218
0.263665552318 0.9143999815 0.0284250365842
0.26366552246 0.9143999815 0.0284250363709
0.258408272716 0.9143999815 0.0287443149437
0.258408242859 0.9143999815 0.0287443147205
0.253150240159 0.9143999815 0.0290517194456
0.253150210301 0.9143999815 0.0290517192323
0.247891495686 0.9143999815 0.0293468739264
0.247891480693 0.9143999815 0.0293468747425
0.24263209784 0.9143999815 0.0296293698244
0.242632082846 0.9143999815 0.0296293706405
0.237372001826 0.9143999815 0.0298987782904
0.237371986832 0.9143999815 0.0298987791065
0.232111238767 0.9143999815 0.0301546571081
0.232111223774 0.9143999815 0.0301546579242
0.226849795967 0.9143999815 0.0303965441864
0.226849780974 0.9143999815 0.0303965450025
0.221587722691 0.9143999815 0.0306239500393
0.221587707697 0.9143999815 0.0306239508554
0.216325024712 0.9143999815 0.0308363634643
0.216325009718 0.9143999815 0.0308363642804
0.211061709693 0.9143999815 0.0310332491019
0.211061694699 0.9143999815 0.031033249918
0.205797817394 0.9143999815 0.0312140383705
0.2057978024 0.9143999815 0.0312140391866
0.200533389522 0.9143999815 0.0313781348266
0.200533374529 0.9143999815 0.0313781356427
0.195268456721 0.9143999815 0.0315248852165
0.195268441727 0.9143999815 0.0315248860326
0.19000305152 0.9143999815 0.0316536121692
0.190003036526 0.9143999815 0.0316536129853
0.184737219557 0.9143999815 0.031763661615
0.184737204563 0.9143999815 0.0317636624311
0.179471011863 0.9143999815 0.0318543051895
0.17947099687 0.9143999815 0.0318543060056
0.174204501383 0.9143999815 0.0319247133503
0.17420448639 0.9143999815 0.0319247141664
0.168937758591 0.9143999815 0.0319740918686
0.168937743597 0.9143999815 0.0319740926946
0.163670858409 0.9143999815 0.0320015814776
0.163670843415 0.9143999815 0.0320015823037
0.158403882845 0.9143999815 0.032006224435
0.158403867851 0.9143999815 0.032006225261
0.153136944474 0.9143999815 0.0319870502093
0.153136929481 0.9143999815 0.0319870510254
0.147870163708 0.9143999815 0.0319429805135
0.147870148714 0.9143999815 0.0319429813296
0.14260233369 0.9143999815 0.0318729002552
0.142602318697 0.9143999815 0.0318729010713
0.137395027744 0.9143999815 0.0317772275609
0.137395012881 0.9143999815 0.0317772265215
0.132372216959 0.9143999815 0.0316588897372
0.132372202095 0.9143999815 0.0316588886978
0.127589248499 0.9143999815 0.0315210400084
0.127589233635 0.9143999815 0.031521038969
0.123034793026 0.9143999815 0.0313659110183
0.123034778162 0.9143999815 0.031365909979
0.118698043979 0.9143999815 0.0311955217376
0.118698029115 0.9143999815 0.0311955206982
0.114568700635 0.9143999815 0.0310118107664
0.114568685772 0.9143999815 0.031011809727
0.110636947669 0.9143999815 0.0308166161796
0.110636932805 0.9143999815 0.0308166151402
0.106893412351 0.9143999815 0.0306116352533
0.106893397488 0.9143999815 0.0306116342139
0.103329184999 0.9143999815 0.0303983586104
0.103329170136 0.9143999815 0.030398357571
0.0999357373549 0.9143999815 0.0301781579211
0.0999357224912 0.9143999815 0.0301781568817
0.0967049689741 0.9143999815 0.0299523750256
0.0967049541104 0.9143999815 0.0299523739862
0.0936291414129 0.9143999815 0.0297221978209
0.0936291265492 0.9143999815 0.0297221967816
0.0907008744902 0.9143999815 0.0294887085481
0.0907008670484 0.9143999815 0.0294887080277
0.087857958963 0.9143999815 0.0292478745262
0.0878579515311 0.9143999815 0.0292478740065
0.0878579440993 0.9143999815 0.0292478734868
0.0850069857993 0.9143999815 0.0289918569456
0.0821353426392 0.9143999815 0.0287190194966
0.0821353352074 0.9143999815 0.0287190189769
0.0792652060679 0.9143999815 0.0284306179185
0.0792651986361 0.9143999815 0.0284306173988
0.0763967605625 0.9143999815 0.0281259368972
0.0763967531306 0.9143999815 0.0281259363775
0.0735301685441 0.9143999815 0.0278042558475
0.0735301611123 0.9143999815 0.0278042553278
0.0706656272336 0.9143999815 0.0274648902392
0.0706656198017 0.9143999815 0.0274648897195
0.067803345587 0.9143999815 0.0271069882935
0.0678033381552 0.9143999815 0.0271069877738
0.0649435690232 0.9143999815 0.0267296037048
0.0649435615914 0.9143999815 0.0267296031852
0.0620865591334 0.9143999815 0.026331772633
0.0620865517016 0.9143999815 0.0263317721133
0.0592326418833 0.9143999815 0.0259124647563
0.0592326307405 0.9143999815 0.0259124639772
0.0563821548972 0.9143999815 0.0254704302719
0.0563821437444 0.9143999815 0.0254704294921
0.0535355153342 0.9143999815 0.0250042960745
0.0535355043112 0.9143999815 0.0250042934392
0.0506931827182 0.9143999815 0.0245126173594
0.0506931717051 0.9143999815 0.0245126147247
0.0478556926425 0.9143999815 0.0239937697808
0.0478556816301 0.9143999815 0.0239937671362
0.0450236968332 0.9143999815 0.0234458028596
0.0450236858101 0.9143999815 0.0234458002243
0.0421979347242 0.9143999815 0.0228665799814
0.0421979237019 0.9143999815 0.0228665773361
0.0393793017184 0.9143999815 0.0222537102323
0.0393792906954 0.9143999815 0.0222537075969
0.0365688856635 0.9143999815 0.0216042934118
0.0365688746412 0.9143999815 0.0216042907665
0.0337680004757 0.9143999815 0.0209150268089
0.0337679894527 0.9143999815 0.0209150241736
0.0309782564633 0.9143999815 0.0201821075395
0.0309782454402 0.9143999815 0.0201821049041
0.0281950941993 0.9143999815 0.0194227814639
0.0281950831763 0.9143999815 0.0194227788286
0.0254154333052 0.9143999815 0.0186456930133
0.0254154222822 0.9143999815 0.018645690378
0.0226414606353 0.9143999815 0.0178382066955
0.0226414496223 0.9143999815 0.0178382040609
0.0198711583656 0.9143999815 0.0169995129622
0.0198711473426 0.9143999815 0.0169995103269
0.0170998578404 0.9143999815 0.0161306091839
0.0170998468174 0.9143999815 0.0161306065486
0.0143160644201 0.9143999815 0.0152382537182
0.0143160534071 0.9143999815 0.0152382510836
0.0114925386335 0.9143999815 0.014341390863
0.0114925285382 0.9143999815 0.0143413882925
0.00857974477746 0.9143999815 0.0134570828249
0.00857973375843 0.9143999815 0.0134570801899
0.00555964393851 0.9143999815 0.0126189137523
0.00555963291948 0.9143999815 0.0126189111173
0.00247397733257 0.9143999815 0.0118661175169
0.00247396608111 0.9143999815 0.0118661148656
-0.000673051288194 0.9143999815 0.0111248623773
-0.00067306274256 0.9143999815 0.0111248597118
-0.00394896724233 0.9143999815 0.0102070718104
-0.00394897919108 0.9143999815 0.0102070691103
-0.00835069049936 0.9143999815 0.00929263522602
-0.00835070662791 0.9143999815 0.00929263223366
-0.0171865731157 0.9143999815 0.00862483203728
-0.0171866046986 0.9143999815 0.00862482982879
-0.0216694807384 0.9143999815 0.00540965754594
-0.0216694966884 0.9143999815 0.00540964523333
-0.0182414368349 0.9143999815 0.000151854346148
-0.0182414243177 0.9143999815 0.000151835613673
-0.0150978034632 0.9143999815 -0.00402203551903
-0.0150977921337 0.9143999815 -0.00402205059846
-0.0117355911483 0.9143999815 -0.00710957195956
-0.011735579151 0.9143999815 -0.00710958325719
-0.00770337316086 0.9143999815 -0.0090600477192
-0.00770335866049 0.9143999815 -0.0090600548159
-0.00448551902587 0.9143999815 -0.0107252582841
-0.00448550739793 0.9143999815 -0.0107252643567
-0.00263192591413 0.9143999815 -0.0132092586038
-0.00263191920998 0.9143999815 -0.0132092677043
-0.00106853747749 0.9143999815 -0.016316443247
-0.00106853178836 0.9143999815 -0.0163164545186
0.00106100350376 0.9143999815 -0.0193655375569
0.00106101122251 0.9143999815 -0.0193655482245
0.00368997947445 0.9143999815 -0.0220752410652
0.0036899890152 0.9143999815 -0.022075250663
0.00716662505033 0.9143999815 -0.0230713241276
0.00716663791707 0.9143999815 -0.0230713278893
0.011416703169 0.9143999815 -0.0219235166235
0.0114167187658 0.9143999815 -0.0219235127361
0.0151893764821 0.9143999815 -0.0212253683826
0.0151893902884 0.9143999815 -0.0212253655526
0.0183212240232 0.9143999815 -0.0216602669128
0.0183212353706 0.9143999815 -0.0216602689161
0.0213728959571 0.9143999815 -0.0221285136953
0.0213729072952 0.9143999815 -0.0221285157093
0.0243737623323 0.9143999815 -0.0226095352231
0.0243737736697 0.9143999815 -0.0226095372271
0.0273454561295 0.9143999815 -0.0230772922453
0.027345467402 0.9143999815 -0.0230772933216
0.0302977763373 0.9143999815 -0.0235275920159
0.0302977876098 0.9143999815 -0.0235275930922
0.0332335965005 0.9143999815 -0.0239684175225
0.033233607783 0.9143999815 -0.0239684185981
0.0361561681175 0.9143999815 -0.0244045585398
0.0361561794 0.9143999815 -0.0244045596154
0.0390700132876 0.9143999815 -0.0248304576445
0.0390700245701 0.9143999815 -0.0248304587201
0.0419788583145 0.9143999815 -0.0252377749172
0.041978869597 0.9143999815 -0.0252377759928
0.044884726874 0.9143999815 -0.0256241020669
0.0448847381572 0.9143999815 -0.0256241031524
0.0477882587327 0.9143999815 -0.0259913250597
0.0477882700052 0.9143999815 -0.025991326136
0.050689085876 0.9143999815 -0.0263448620556
0.0506890971492 0.9143999815 -0.0263448631419
0.0535869442725 0.9143999815 -0.0266909773018
0.053586955555 0.9143999815 -0.0266909783774
0.0564827190547 0.9143999815 -0.0270288172053
0.0564827303372 0.9143999815 -0.0270288182809
0.0593777697872 0.9143999815 -0.0273526178971
0.0593777810697 0.9143999815 -0.0273526189727
0.0622727140798 0.9143999815 -0.0276599965906
0.0622727253623 0.9143999815 -0.0276599976662
0.0651677060852 0.9143999815 -0.0279516091002
0.0651677136475 0.9143999815 -0.027951610446
0.0680625614859 0.9143999815 -0.0282301066715
0.0680625690475 0.9143999815 -0.0282301080073
0.0709568797823 0.9143999815 -0.0284997483469
0.0709568873439 0.9143999815 -0.0284997496826
0.0738508066501 0.9143999815 -0.0287609085865
0.0738508142124 0.9143999815 -0.0287609099323
0.0767449018025 0.9143999815 -0.0290101630453
0.0767449093648 0.9143999815 -0.0290101643911
0.0796394274847 0.9143999815 -0.0292458147663
0.079639435047 0.9143999815 -0.0292458161121
0.0825343597395 0.9143999815 -0.0294682687472
0.0825343673011 0.9143999815 -0.029468270083
0.0854295285849 0.9143999815 -0.0296793667117
0.0854295361465 0.9143999815 -0.0296793680475
0.0883303539051 0.9143999815 -0.0298821709072
0.0883303614667 0.9143999815 -0.029882172243
0.0883303690283 0.9143999815 -0.0298821735788
0.0912789403452 0.9143999815 -0.0300792901272
0.0912789479068 0.9143999815 -0.030079291463
0.0943447044815 0.9143999815 -0.0302721384505
0.0943447194757 0.9143999815 -0.0302721392766
0.0975642436818 0.9143999815 -0.0304605075565
0.0975642586852 0.9143999815 -0.0304605083719
0.100945168137 0.9143999815 -0.0306442835175
0.100945183131 0.9143999815 -0.0306442843436
0.104495417064 0.9143999815 -0.0308242126197
0.104495432058 0.9143999815 -0.0308242134358
0.108223515363 0.9143999815 -0.0309988435608
0.108223530357 0.9143999815 -0.0309988443769
0.112138463519 0.9143999815 -0.0311648731523
0.112138478512 0.9143999815 -0.0311648739684
0.11624958806 0.9143999815 -0.0313207790902
0.116249603054 0.9143999815 -0.0313207799163
0.120566613115 0.9143999815 -0.0314663426207
0.120566628108 0.9143999815 -0.0314663434368
0.125099828025 0.9143999815 -0.0315997126967
0.125099843018 0.9143999815 -0.0315997135128
0.129860055655 0.9143999815 -0.0317181196965
0.129860070519 0.9143999815 -0.0317181186571
0.134858563433 0.9143999815 -0.0318195993793
0.134858578297 0.9143999815 -0.0318195983399
0.140037853732 0.9143999815 -0.0319013309756
0.140037868596 0.9143999815 -0.0319013299363
0.14527217153 0.9143999815 -0.0319603858984
0.145272186394 0.9143999815 -0.031960384859
0.150502765244 0.9143999815 -0.0319963015641
0.150502780108 0.9143999815 -0.0319963005247
0.155733340407 0.9143999815 -0.0320097375144
0.15573335527 0.9143999815 -0.032009736475
0.160963887831 0.9143999815 -0.0320078233375
0.160963902695 0.9143999815 -0.0320078222981
0.166194338762 0.9143999815 -0.0319912845869
0.166194353626 0.9143999815 -0.0319912835475
0.171424696354 0.9143999815 -0.0319535447726
0.171424711217 0.9143999815 -0.0319535437332
0.176654855263 0.9143999815 -0.0318945926055
0.176654870126 0.9143999815 -0.0318945915661
0.181884740443 0.9143999815 -0.0318152772791
0.181884755306 0.9143999815 -0.0318152762397
0.187114305439 0.9143999815 -0.0317164311014
0.187114320303 0.9143999815 -0.031716430062
0.192343479617 0.9143999815 -0.0315987498646
0.19234349448 0.9143999815 -0.0315987488252
0.197572205244 0.9143999815 -0.0314629060539
0.197572220108 0.9143999815 -0.0314629050145
0.202800456599 0.9143999815 -0.0313095998093
0.202800471462 0.9143999815 -0.0313095987699
0.208028175469 0.9143999815 -0.0311394924422
0.208028190333 0.9143999815 -0.0311394914028
0.213255358323 0.9143999815 -0.0309531742469
0.213255373187 0.9143999815 -0.0309531732075
0.218481954859 0.9143999815 -0.0307512088854
0.218481969722 0.9143999815 -0.030751207846
0.223707944339 0.9143999815 -0.0305341542332
0.223707959203 0.9143999815 -0.0305341531938
0.22893333196 0.9143999815 -0.030302510346
0.228933346824 0.9143999815 -0.0303025093066
0.234158047877 0.9143999815 -0.0300567750384
0.234158062741 0.9143999815 -0.0300567739991
0.239382110748 0.9143999815 -0.0297974287394
0.239382125612 0.9143999815 -0.0297974277
0.244605521251 0.9143999815 -0.0295249083357
0.244605536115 0.9143999815 -0.0295249072964
0.24982823505 0.9143999815 -0.0292396463639
0.249828249914 0.9143999815 -0.0292396453245
0.255050251064 0.9143999815 -0.0289420574293
0.255050280792 0.9143999815 -0.0289420553505
0.260271595998 0.9143999815 -0.0286325205722
0.260271625726 0.9143999815 -0.0286325184935
0.265492251148 0.9143999815 -0.0283114105404
0.265492280876 0.9143999815 -0.0283114084617
0.270712151759 0.9143999815 -0.0279790828871
0.270712181486 0.9143999815 -0.0279790808084
0.275931380572 0.9143999815 -0.027635867925
0.275931410399 0.9143999815 -0.0276358658393
0.28114993041 0.9143999815 -0.0272820873185
0.281149960137 0.9143999815 -0.0272820852398
0.286367733297 0.9143999815 -0.0269180520267
0.286367763025 0.9143999815 -0.026918049948
0.29158486818 0.9143999815 -0.0265440366215
0.291584897907 0.9143999815 -0.0265440345428
0.296801265365 0.9143999815 -0.0261603260486
0.296801295092 0.9143999815 -0.0261603239699
0.30201697277 0.9143999815 -0.0257671783739
0.302017002498 0.9143999815 -0.0257671762952
0.30723197782 0.9143999815 -0.0253648409373
0.307232007547 0.9143999815 -0.0253648388586
0.312446296364 0.9143999815 -0.0249535404253
0.312446326092 0.9143999815 -0.0249535383466
0.317659914169 0.9143999815 -0.0245335018991
0.317659943896 0.9143999815 -0.0245334998203
0.322872845206 0.9143999815 -0.0241049223137
0.322872874933 0.9143999815 -0.024104920235
0.32808507342 0.9143999815 -0.023668000694
0.328085103148 0.9143999815 -0.0236679986153
0.333296611967 0.9143999815 -0.0232229265941
0.333296641694 0.9143999815 -0.0232229245154
0.338507472738 0.9143999815 -0.0227698672317
0.338507502466 0.9143999815 -0.022769865153
0.3437176375 0.9143999815 -0.0223089919111
0.343717667228 0.9143999815 -0.0223089898324
0.348927117008 0.9143999815 -0.0218404529934
0.348927146735 0.9143999815 -0.0218404509147
0.354135918538 0.9143999815 -0.0213643545444
0.354135948265 0.9143999815 -0.0213643524656
0.359344021457 0.9143999815 -0.0208808287052
0.359344051185 0.9143999815 -0.0208808266264
0.364551435381 0.9143999815 -0.02039001297
0.364551465108 0.9143999815 -0.0203900108913
0.369758168265 0.9143999815 -0.0198920225547
0.369758197993 0.9143999815 -0.0198920204759
0.374964258353 0.9143999815 -0.019386974286
0.37496428808 0.9143999815 -0.0193869722073
0.380169619899 0.9143999815 -0.0188749264371
0.380169649627 0.9143999815 -0.0188749243584
0.385374314539 0.9143999815 -0.0183559045809
0.385374344267 0.9143999815 -0.0183559025022
0.390578319561 0.9143999815 -0.0178300111213
0.390578349288 0.9143999815 -0.0178300090425
0.39578164198 0.9143999815 -0.017297346403
0.395781671708 0.9143999815 -0.0172973443243
0.400984283617 0.9143999815 -0.0167579364428
0.400984313345 0.9143999815 -0.016757934364
0.406186186735 0.9143999815 -0.0162118114114
0.406186216463 0.9143999815 -0.0162118093326
0.411387382722 0.9143999815 -0.0156589915286
0.411387412449 0.9143999815 -0.0156589894499
0.416587901403 0.9143999815 -0.0150994747089
0.416587931131 0.9143999815 -0.0150994726302
0.421787654857 0.9143999815 -0.0145332894949
0.421787684585 0.9143999815 -0.0145332874161
0.426986703098 0.9143999815 -0.0139604354291
0.426986732825 0.9143999815 -0.0139604333503
0.432185016039 0.9143999815 -0.0133809108863
0.432185045766 0.9143999815 -0.0133809088075
0.437382593839 0.9143999815 -0.0127947195944
0.437382623567 0.9143999815 -0.0127947175156
0.442579376365 0.9143999815 -0.0122018545411
0.442579406092 0.9143999815 -0.0122018524623
0.447775388665 0.9143999815 -0.0116022467611
0.447775418393 0.9143999815 -0.0116022446823
0.452970627524 0.9143999815 -0.0109958516801
0.452970657251 0.9143999815 -0.0109958496014
0.458165090539 0.9143999815 -0.0103826320951
0.458165120266 0.9143999815 -0.0103826300164
0.463358683133 0.9143999815 -0.00976251995765
0.46335871286 0.9143999815 -0.00976251787891
0.468551461123 0.9143999815 -0.00913545906734
0.46855149085 0.9143999815 -0.0091354569886
0.473743391342 0.9143999815 -0.00850139946601
0.473743421069 0.9143999815 -0.00850139738727
0.478934436068 0.9143999815 -0.00786023176856
0.478934465796 0.9143999815 -0.00786022968982
0.484124649139 0.9143999815 -0.00721187004021
0.484124678866 0.9143999815 -0.00721186796147
0.489313905407 0.9143999815 -0.00655623341371
0.489313935134 0.9143999815 -0.00655623133497
0.494502225926 0.9143999815 -0.00589319718674
0.494502255523 0.9143999815 -0.00589319325252
0.499689572491 0.9143999815 -0.00522264078056
0.499689602089 0.9143999815 -0.00522263684634
0.504875907741 0.9143999815 -0.004544458534
0.50487590761 0.9143999815 -0.00454445666855
0.510061225637 0.9143999815 -0.00385856122096
0.510061225507 0.9143999815 -0.00385855936549
0.515245515615 0.9143999815 -0.00316480208079
0.515245515486 0.9143999815 -0.00316480022532
0.520428766673 0.9143999815 -0.00246301944728
0.520428766542 0.9143999815 -0.00246301758184
0.525281721067 0.9143999815 -0.00179886949559
0.525281720937 0.9143999815 -0.00179886764012
0.529113303758 0.9143999815 -0.00126969635905
0.529113303758 0.9143999815 -0.00126969635905
0.53166431393 0.9143999815 -0.000914744921114
0.53166431393 0.9143999815 -0.000914744921114
0.533022682765 0.9143999815 -0.000687570555765
0.533400010388 0.9143999815 -0.000522730970399
0.533400010388 0.9143999815 -0.000522730970399
0.533400022814 0.9143999815 -0.000373377024922
0.533400022814 0.9143999815 -0.000373377024922
0.533400035369 0.9143999815 -0.000224024934914
0.533400035369 0.9143999815 -0.000224024934914
0.53339998834 0.9143999815 -7.46751469223e-05
0.53339998834 0.9143999815 -7.46751469223e-05
0.533399941311 0.9143999815 7.4674641069e-05
0.533399941311 0.9143999815 7.4674641069e-05
0.533400013191 0.9143999815 0.000224032744032
0.533400013191 0.9143999815 0.000224032744032
0.533399966292 0.9143999815 0.000373380676554
0.533399966292 0.9143999815 0.000373380676554
0.533399978848 0.9143999815 0.000522732766562
0.533399978848 0.9143999815 0.000522732766562
0.533399978848 0.9143999815 0.000522732766562
0.533022419597 0.9143999815 0.000687614027069
