TITLE = "TC_NACA0012_3932_L1_finalIceShape_V1 | NACA0012 coordinates rotated +4 degrees about X=0.13335 m"
VARIABLES = "X_ICED" "Y_ICED" "Z_ICED"

ZONE T="SLICE_Y_0p9144_BINS01_KS_0p5334mm_SINGLE_LAYER"
0.533397578978 0.9144 -4.4199227694e-05
0.533403857061 0.9144 -0.000133979992217
0.533400159503 0.9144 -0.000224458321478
0.533396461945 0.9144 -0.000314936650739
0.533402740028 0.9144 -0.000404717415262
0.53339904247 0.9144 -0.000495195744523
0.533395344912 0.9144 -0.000585674073784
0.533401622995 0.9144 -0.000675454838307
0.533152929547 0.9144 -0.000702869597246
0.532746020981 0.9144 -0.000761396672989
0.532101092172 0.9144 -0.000856616583436
0.531068508512 0.9144 -0.000998992799648
0.529420225401 0.9144 -0.00122452059159
0.526869041957 0.9144 -0.00158335625816
0.524327136589 0.9144 -0.00193151871949
0.521775255581 0.9144 -0.00228037874556
0.519223374572 0.9144 -0.00262923877162
0.516671493563 0.9144 -0.00297809879769
0.51411891499 0.9144 -0.00331698318325
0.511566336417 0.9144 -0.00365586756882
0.509013757843 0.9144 -0.00399475195438
0.50646117927 0.9144 -0.00433363633995
0.503908600696 0.9144 -0.00467252072551
0.501356022123 0.9144 -0.00501140511107
0.498802745985 0.9144 -0.00534031385613
0.496249469847 0.9144 -0.0056692226012
0.493696193709 0.9144 -0.00599813134626
0.491142917571 0.9144 -0.00632704009132
0.488588943868 0.9144 -0.00664597319588
0.48603566773 0.9144 -0.00697488194094
0.483481694027 0.9144 -0.0072938150455
0.480927720324 0.9144 -0.00761274815006
0.478373746621 0.9144 -0.00793168125462
0.475819772918 0.9144 -0.00825061435917
0.473265101651 0.9144 -0.00855957182323
0.470711127948 0.9144 -0.00887850492779
0.46815645668 0.9144 -0.00918746239185
0.465601785413 0.9144 -0.0094964198559
0.463047114145 0.9144 -0.00980537731996
0.460491745313 0.9144 -0.0101043591435
0.457937074045 0.9144 -0.0104133166076
0.455371729572 0.9144 -0.0107129959959
0.45281636074 0.9144 -0.0110119778194
0.450260991908 0.9144 -0.011310959643
0.447705623075 0.9144 -0.0116099414665
0.445150254243 0.9144 -0.0119089232901
0.442594187846 0.9144 -0.0121979294731
0.440028843373 0.9144 -0.0124976088614
0.437472776976 0.9144 -0.0127866150445
0.434916710579 0.9144 -0.0130756212275
0.432360644182 0.9144 -0.0133646274106
0.429804577785 0.9144 -0.0136536335936
0.427237838183 0.9144 -0.0139333617009
0.424681074221 0.9144 -0.0142123922435
0.422125007824 0.9144 -0.0145013984265
0.419568243862 0.9144 -0.0147804289691
0.4170114799 0.9144 -0.0150594595116
0.414444042733 0.9144 -0.0153292119784
0.411887278771 0.9144 -0.0156082425209
0.409329817245 0.9144 -0.015877297423
0.406773053283 0.9144 -0.0161563279655
0.404205616116 0.9144 -0.0164260804323
0.40164815459 0.9144 -0.0166951353344
0.399089995498 0.9144 -0.0169542145959
0.396522558331 0.9144 -0.0172239670627
0.39396439924 0.9144 -0.0174830463242
0.391406937713 0.9144 -0.0177521012263
0.388848778622 0.9144 -0.0180111804878
0.38628064389 0.9144 -0.0182709573141
0.383721787234 0.9144 -0.0185200609351
0.381163628143 0.9144 -0.0187791401967
0.378594795847 0.9144 -0.0190289413825
0.376036636755 0.9144 -0.019288020644
0.373477780099 0.9144 -0.019537124265
0.370908947803 0.9144 -0.0197869254508
0.368349393582 0.9144 -0.0200260534314
0.365790536926 0.9144 -0.0202751570524
0.363221007065 0.9144 -0.0205149825977
0.360662150409 0.9144 -0.0207640862187
0.358102596188 0.9144 -0.0210032141993
0.355532368762 0.9144 -0.021233064104
0.352972814541 0.9144 -0.0214721920846
0.350413260321 0.9144 -0.0217113200651
0.347843032895 0.9144 -0.0219411699699
0.345282781109 0.9144 -0.0221703223099
0.342712553683 0.9144 -0.0224001722147
0.340152301898 0.9144 -0.0226293245547
0.337591352548 0.9144 -0.0228485012542
0.335021125122 0.9144 -0.023078351159
0.332460175771 0.9144 -0.0232975278586
0.329889250781 0.9144 -0.0235174021228
0.32732830143 0.9144 -0.0237365788224
0.324766654515 0.9144 -0.0239457798814
0.322195729525 0.9144 -0.0241656541457
0.31963408261 0.9144 -0.0243748552047
0.317062460054 0.9144 -0.0245847538285
0.314500813139 0.9144 -0.0247939548875
0.31193846866 0.9144 -0.024993180306
0.309366846104 0.9144 -0.0252030789298
0.306804501624 0.9144 -0.0254023043483
0.304232181504 0.9144 -0.0256022273316
0.30166913946 0.9144 -0.0257914771096
0.29910679498 0.9144 -0.0259907025281
0.296533777295 0.9144 -0.0261806498709
0.293970735251 0.9144 -0.0263698996489
0.291397717566 0.9144 -0.0265598469917
0.288834675521 0.9144 -0.0267490967697
0.286260960272 0.9144 -0.026929068472
0.283697220663 0.9144 -0.0271083426095
0.281133481053 0.9144 -0.027287616747
0.278559068239 0.9144 -0.0274576128088
0.27599532863 0.9144 -0.0276368869463
0.273420915815 0.9144 -0.027806883008
0.270856478642 0.9144 -0.0279761815051
0.268281368262 0.9144 -0.0281362019263
0.265716233524 0.9144 -0.0282955247828
0.263151098785 0.9144 -0.0284548476394
0.260575988406 0.9144 -0.0286148680606
0.258010853667 0.9144 -0.0287741909171
0.255435045723 0.9144 -0.0289242356979
0.25286921342 0.9144 -0.0290735829139
0.250302683552 0.9144 -0.0292129544894
0.247726875608 0.9144 -0.0293629992702
0.24516034574 0.9144 -0.0295023708457
0.242583142667 0.9144 -0.0296324643454
0.240016612798 0.9144 -0.0297718359209
0.237449385366 0.9144 -0.0299012318559
0.234871484728 0.9144 -0.0300213497152
0.232304257295 0.9144 -0.0301507456502
0.229726356657 0.9144 -0.0302708635094
0.227158431659 0.9144 -0.0303902838039
0.224589809097 0.9144 -0.0304997284579
0.222011210894 0.9144 -0.0306098706767
0.219442588331 0.9144 -0.0307193153307
0.216873268204 0.9144 -0.0308187843442
0.214303948077 0.9144 -0.0309182533577
0.21172465231 0.9144 -0.0310184199359
0.209154634618 0.9144 -0.0311079133089
0.206583919361 0.9144 -0.0311874310414
0.204003926029 0.9144 -0.0312776219792
0.201433210773 0.9144 -0.0313571397117
0.198861797951 0.9144 -0.0314266818037
0.196291082695 0.9144 -0.0315061995362
0.193718972309 0.9144 -0.0315657659876
0.191137583847 0.9144 -0.0316360056444
0.188564775896 0.9144 -0.0316855964554
0.18599266551 0.9144 -0.0317451629069
0.183419857559 0.9144 -0.0317947537178
0.180846352044 0.9144 -0.0318343688883
0.178272846528 0.9144 -0.0318739840588
0.175699341013 0.9144 -0.0319135992293
0.173125137933 0.9144 -0.0319432387593
0.170550237288 0.9144 -0.0319629026488
0.167975336643 0.9144 -0.0319825665382
0.165400435998 0.9144 -0.0320022304277
0.162824837788 0.9144 -0.0320119186767
0.160258517654 0.9144 -0.0320109337204
0.15768222188 0.9144 -0.0320106463289
0.155105228541 0.9144 -0.0320003832969
0.152528235201 0.9144 -0.0319901202649
0.149960519938 0.9144 -0.0319691840276
0.147382829034 0.9144 -0.0319489453551
0.144803743001 0.9144 -0.0319087554015
0.142235330173 0.9144 -0.0318778435238
0.139665522215 0.9144 -0.031826980365
0.137085738617 0.9144 -0.031776814771
0.134515233094 0.9144 -0.0317159759717
0.131944727572 0.9144 -0.0316551371724
0.129363548844 0.9144 -0.0315850202974
0.126791648193 0.9144 -0.0315042302171
0.124219049976 0.9144 -0.0314134644963
0.121646451759 0.9144 -0.0313226987755
0.119073155978 0.9144 -0.0312219574142
0.116509138273 0.9144 -0.0311105428477
0.113934447362 0.9144 -0.0309898502054
0.111339107605 0.9144 -0.0308605770521
0.108873451175 0.9144 -0.0307222355572
0.10651892192 0.9144 -0.0305961721311
0.104274124711 0.9144 -0.030462435493
0.102149732752 0.9144 -0.0303303037186
0.100115121558 0.9144 -0.0301918938614
0.0981816618983 0.9144 -0.030066459638
0.0963379830031 0.9144 -0.0299347473318
0.0945840848725 0.9144 -0.0297967569431
0.0929213626359 0.9144 -0.0296724397527
0.0913284698827 0.9144 -0.0295432396092
0.0898160798184 0.9144 -0.0294184345882
0.0883742168023 0.9144 -0.0292987222546
0.0869316562215 0.9144 -0.0291690342805
0.0854990712811 0.9144 -0.0290386487417
0.0840565107003 0.9144 -0.0289089607676
0.0826132525547 0.9144 -0.028769297153
0.0811799700497 0.9144 -0.0286289359736
0.0797360143394 0.9144 -0.0284792967185
0.0783020342696 0.9144 -0.0283289598986
0.0768580785592 0.9144 -0.0281793206435
0.0754234009247 0.9144 -0.0280190081832
0.0739887232902 0.9144 -0.0278586957228
0.0725540456556 0.9144 -0.0276983832625
0.0711186704563 0.9144 -0.0275280951616
0.0696825976923 0.9144 -0.0273478314203
0.0682465249283 0.9144 -0.0271675676789
0.0668104521643 0.9144 -0.0269873039376
0.0653736818355 0.9144 -0.0267970645557
0.0639461895825 0.9144 -0.0265961519686
0.0625015363075 0.9144 -0.026436537073
0.0610603708561 0.9144 -0.0263268003799
0.0596192054048 0.9144 -0.0262170636868
0.0581787375182 0.9144 -0.0261173026342
0.0567382696315 0.9144 -0.0260175415816
0.0552871285397 0.9144 -0.0259085024532
0.0538459630883 0.9144 -0.0257987657601
0.052404797637 0.9144 -0.025689029067
0.0509536565451 0.9144 -0.0255799899387
0.0495124910937 0.9144 -0.0254702532456
0.0480713256424 0.9144 -0.0253605165525
0.0466194869858 0.9144 -0.0252415017836
0.0451783215344 0.9144 -0.0251317650905
0.0437264828778 0.9144 -0.0250127503216
0.0422846198617 0.9144 -0.024893037988
0.0408327812051 0.9144 -0.0247740232192
0.0393809425485 0.9144 -0.0246550084503
0.0379383819677 0.9144 -0.0245253204762
0.0364865433111 0.9144 -0.0244063057073
0.0350340070898 0.9144 -0.024277315298
0.0335714952279 0.9144 -0.0241490224533
0.0321189590066 0.9144 -0.024020032044
0.0306664227853 0.9144 -0.0238910416346
0.0292345354097 0.9144 -0.0237706317363
0.0278110188109 0.9144 -0.0237699295239
0.0267835278392 0.9144 -0.0238417786919
0.0258823007324 0.9144 -0.0242857265516
0.0248678537565 0.9144 -0.0246874694209
0.0235812058659 0.9144 -0.0246370987402
0.0211425447264 0.9144 -0.0250281637567
0.0186644004934 0.9144 -0.0251413059686
0.0164771546985 0.9144 -0.0251138135523
0.0143589724603 0.9144 -0.0246404173065
0.0125208057208 0.9144 -0.0241574648886
0.010773536779 0.9144 -0.023397496965
0.00916453167471 0.9144 -0.022607811854
0.00762696091761 0.9144 -0.0216928385392
0.00615573182034 0.9144 -0.0207231040686
0.00470884912668 0.9144 -0.0196714717799
0.00330626411763 0.9144 -0.0185365465434
0.00192872307692 0.9144 -0.0173296991292
0.000638870106534 0.9144 -0.0160866467108
-0.000505045814185 0.9144 -0.0149236091507
-0.00156936634506 0.9144 -0.0138953476044
-0.00250860840618 0.9144 -0.0130788769371
-0.00334181597964 0.9144 -0.0123452113869
-0.00410589163432 0.9144 -0.011596687243
-0.0047966499818 0.9144 -0.0108931583485
-0.00553079871497 0.9144 -0.0101425415105
-0.00625266937925 0.9144 -0.00928079749742
-0.00699288646088 0.9144 -0.00830004336306
-0.00772291816783 0.9144 -0.00717823513219
-0.00857154052772 0.9144 -0.00579406025512
-0.00927080637644 0.9144 -0.00410873320294
-0.00992326237799 0.9144 -0.00208932706102
-0.0101222097001 0.9144 0.000182328714626
-0.0099386632217 0.9144 0.0028616589836
-0.00896773870829 0.9144 0.00560607250734
-0.00726929000294 0.9144 0.00841138389741
-0.00472326296101 0.9144 0.0105642299908
-0.00299712604791 0.9144 0.0113966669897
-0.00142383346965 0.9144 0.0119778300161
0.000223264246371 0.9144 0.0123636656208
0.00165515162196 0.9144 0.0122432557225
0.0027708868568 0.9144 0.0117699324865
0.00364232376642 0.9144 0.0113496971803
0.0047687322065 0.9144 0.0108670958685
0.00591230166863 0.9144 0.0104257922483
0.00718778852349 0.9144 0.0105350318157
0.00841932879989 0.9144 0.0112727367347
0.00965017151155 0.9144 0.0120204172943
0.0109144289684 0.9144 0.0127203123455
0.0121914523247 0.9144 0.0133810023995
0.0134805440157 0.9144 0.0140124630968
0.014791679682 0.9144 0.0146153920019
0.0161042104777 0.9144 0.0151983696261
0.0174394828134 0.9144 0.0157428398178
0.0187761502785 0.9144 0.0162673587284
0.0201234909489 0.9144 0.0167825995633
0.0214729243135 0.9144 0.0172679134767
0.0228337284481 0.9144 0.0177339736738
0.0242052057879 0.9144 0.0181907557951
0.0255681026167 0.9144 0.0186268890707
0.0269523458559 0.9144 0.0190444661947
0.0283273110195 0.9144 0.0194513701136
0.0297129493882 0.9144 0.0198489959566
0.0310999828864 0.9144 0.0202266705187
0.0324877139494 0.9144 0.0205943694402
0.0338861182176 0.9144 0.020952790286
0.0352852200505 0.9144 0.0213012354913
0.0366850194482 0.9144 0.0216397050561
0.0380855164106 0.9144 0.0219681989803
0.0394867109377 0.9144 0.0222867172641
0.0408886030296 0.9144 0.0225952599074
0.0423011683267 0.9144 0.0228945244749
0.0437037579833 0.9144 0.0231930914777
0.0451177184099 0.9144 0.0234724047642
0.0465316788365 0.9144 0.0237517180507
0.0479463368279 0.9144 0.0240210556967
0.0493616923839 0.9144 0.0242804177022
0.0507777455048 0.9144 0.0245298040672
0.0521937986256 0.9144 0.0247791904321
0.0536105493111 0.9144 0.0250186011566
0.0550272999967 0.9144 0.0252580118811
0.0564547238874 0.9144 0.0254881445299
0.0578728697025 0.9144 0.0257076039733
0.059300991158 0.9144 0.0259277609816
0.0607198345378 0.9144 0.0261372447845
0.0621386779175 0.9144 0.0263467285875
0.0635681945025 0.9144 0.0265469343147
0.0649984086523 0.9144 0.0267371644015
0.0664179495968 0.9144 0.0269366725639
0.0678488613112 0.9144 0.0271169270102
0.0692797730257 0.9144 0.0272971814564
0.0707007090997 0.9144 0.0274767383378
0.0721323183789 0.9144 0.0276470171435
0.0735639276581 0.9144 0.0278172959493
0.074996234502 0.9144 0.0279775991145
0.0764185657055 0.9144 0.0281372047149
0.0778515701142 0.9144 0.0282875322396
0.0792845745229 0.9144 0.0284378597643
0.0807182764963 0.9144 0.0285782116485
0.082151280905 0.9144 0.0287285391732
0.0835757048026 0.9144 0.0288582178522
0.0850094067761 0.9144 0.0289985697364
0.0864438063142 0.9144 0.0291289459801
0.0878789034171 0.9144 0.0292493465833
0.0893133029553 0.9144 0.029379722827
0.0908182295417 0.9144 0.0295050063834
0.0923936831764 0.9144 0.0296251972524
0.0940582200108 0.9144 0.0297616418445
0.0958032595341 0.9144 0.0298936913141
0.097628801746 0.9144 0.0300213456611
0.099554100363 0.9144 0.0301559756554
0.101569877309 0.9144 0.0302869080918
0.103695386301 0.9144 0.0304255137404
0.105921349263 0.9144 0.0305611193959
0.108257741834 0.9144 0.0306944226229
0.110714539657 0.9144 0.0308261209863
0.11329174273 0.9144 0.0309562144861
0.115869643368 0.9144 0.0310763323453
0.118448241571 0.9144 0.031186474564
0.121016864134 0.9144 0.031295919218
0.123596159901 0.9144 0.0313960857963
0.126176153234 0.9144 0.031486276734
0.12874686849 0.9144 0.0315657944665
0.131328256952 0.9144 0.0316360341232
0.133899669773 0.9144 0.0317055762152
0.1364817558 0.9144 0.0317658402315
0.139064539391 0.9144 0.0318161286072
0.141637347342 0.9144 0.0318657194182
0.144210852857 0.9144 0.0319053345887
0.146795031578 0.9144 0.0319356716834
0.149369234658 0.9144 0.0319653112134
0.151954110944 0.9144 0.0319856726676
0.154529011589 0.9144 0.0320053365571
0.157105307363 0.9144 0.0320050491656
0.159680905573 0.9144 0.0320147374145
0.162257201347 0.9144 0.032014450023
0.164844170327 0.9144 0.0320048845557
0.167421163666 0.9144 0.0319946215237
0.16999885457 0.9144 0.0319743828512
0.172577243039 0.9144 0.0319441685381
0.175154933942 0.9144 0.0319239298656
0.177734019976 0.9144 0.0318837399121
0.180313106009 0.9144 0.0318435499585
0.182882216402 0.9144 0.0318026624403
0.185462 0.9144 0.0317524968462
0.188041783598 0.9144 0.0317023312522
0.190622264761 0.9144 0.0316421900176
0.193192770284 0.9144 0.0315813512184
0.195773949011 0.9144 0.0315112343433
0.198355127739 0.9144 0.0314411174683
0.200926330826 0.9144 0.0313703030285
0.203508207118 0.9144 0.031290210513
0.20608010777 0.9144 0.0312094204327
0.208662681627 0.9144 0.0311193522766
0.211235279844 0.9144 0.0310285865558
0.21380787806 0.9144 0.0309378208351
0.216391149482 0.9144 0.0308377770385
0.218964445264 0.9144 0.0307370356772
0.22153843861 0.9144 0.0306263186754
0.224112431956 0.9144 0.0305156016736
0.226696400942 0.9144 0.0304055822366
0.229270394288 0.9144 0.0302948652348
0.231845085199 0.9144 0.0301741725925
0.234420473675 0.9144 0.0300435043097
0.236995164585 0.9144 0.0299228116674
0.239570553061 0.9144 0.0297921433846
0.242145941536 0.9144 0.0296614751018
0.244722027577 0.9144 0.0295208311785
0.247288137976 0.9144 0.0293794896905
0.249864224017 0.9144 0.0292388457672
0.252440310057 0.9144 0.0290982018439
0.255017093662 0.9144 0.0289475822801
0.257583901626 0.9144 0.0287962651515
0.260160685231 0.9144 0.0286456455877
0.262738166401 0.9144 0.0284850503834
0.26530567193 0.9144 0.0283237576144
0.2678831531 0.9144 0.0281631624101
0.270450658629 0.9144 0.0280018696411
0.273028837364 0.9144 0.0278312987963
0.275597040458 0.9144 0.0276600303867
0.278175219192 0.9144 0.0274894595419
0.280744119851 0.9144 0.0273082154919
0.283312322945 0.9144 0.0271369470823
0.285891199244 0.9144 0.026956400597
0.288460099903 0.9144 0.026775156547
0.291029698126 0.9144 0.0265839368564
0.293598598785 0.9144 0.0264026928064
0.296178172649 0.9144 0.0262121706806
0.298747770872 0.9144 0.02602095099
0.301318066661 0.9144 0.025819755659
0.303887664884 0.9144 0.0256285359684
0.306457960672 0.9144 0.0254273406374
0.30902825646 0.9144 0.0252261453063
0.311598552249 0.9144 0.0250249499753
0.314169545602 0.9144 0.0248137790037
0.31673984139 0.9144 0.0246125836726
0.319310834743 0.9144 0.0244014127011
0.321881828096 0.9144 0.0241902417295
0.324442845808 0.9144 0.0239783731932
0.327014536726 0.9144 0.0237572265812
0.329585530079 0.9144 0.0235460556096
0.332157220996 0.9144 0.0233249089976
0.334718936273 0.9144 0.0231030648208
0.337290627191 0.9144 0.0228819182087
0.339863015673 0.9144 0.0226507959562
0.342424730951 0.9144 0.0224289517794
0.344997119433 0.9144 0.0221978295268
0.347559532275 0.9144 0.0219660097095
0.350131920757 0.9144 0.021734887457
0.352694333599 0.9144 0.0215030676397
0.355267419646 0.9144 0.0212619697466
0.357830530053 0.9144 0.0210201742888
0.3604036161 0.9144 0.0207790763957
0.362966726507 0.9144 0.0205372809379
0.365529836913 0.9144 0.0202954854801
0.368102922961 0.9144 0.0200543875871
0.370666730932 0.9144 0.0198026164888
0.373229841339 0.9144 0.019560821031
0.37579364931 0.9144 0.0193090499327
0.378367432922 0.9144 0.0190579763991
0.380931240893 0.9144 0.0188062053008
0.383495746429 0.9144 0.018544458562
0.386059554401 0.9144 0.0182926874637
0.388624059937 0.9144 0.0180309407249
0.391188565473 0.9144 0.0177691939861
0.393753071009 0.9144 0.0175074472473
0.396317576545 0.9144 0.0172457005085
0.398882779646 0.9144 0.0169739781292
0.401447285182 0.9144 0.0167122313904
0.404012488283 0.9144 0.0164405090111
0.406577691384 0.9144 0.0161687866318
0.409142894485 0.9144 0.0158970642525
0.411708097585 0.9144 0.0156253418732
0.414273300686 0.9144 0.0153536194938
0.416829225711 0.9144 0.0150712239093
0.419394428812 0.9144 0.01479950153
0.421960329478 0.9144 0.0145178035102
0.424516254503 0.9144 0.0142354079256
0.427082155168 0.9144 0.0139537099058
0.429648753399 0.9144 0.0136620362455
0.432204678424 0.9144 0.013379640661
0.434771276654 0.9144 0.0130879670007
0.437327201679 0.9144 0.0128055714161
0.43989379991 0.9144 0.0125138977558
0.442450422499 0.9144 0.0122215265307
0.445017718294 0.9144 0.0119198772299
0.447574340884 0.9144 0.0116275060049
0.450141636679 0.9144 0.0113258567041
0.452698259269 0.9144 0.011033485479
0.455255579424 0.9144 0.0107311386135
0.457822875219 0.9144 0.0104294893127
0.460380892938 0.9144 0.0101171668066
0.462938213093 0.9144 0.00981481994105
0.465496230812 0.9144 0.00950249743499
0.468063526607 0.9144 0.00920084813418
0.470621544326 0.9144 0.00888852562812
0.473179562045 0.9144 0.00857620312207
0.475738277329 0.9144 0.00825390497551
0.478296295049 0.9144 0.00794158246946
0.480855010333 0.9144 0.0076192843229
0.483413028052 0.9144 0.00730696181684
0.485971743336 0.9144 0.00698466367029
0.48853045862 0.9144 0.00666236552373
0.491089871469 0.9144 0.00633009173667
0.493638611112 0.9144 0.00600709602538
0.496198023961 0.9144 0.00567482223832
0.49875743681 0.9144 0.00534254845126
0.501316849659 0.9144 0.0050102746642
0.503866286867 0.9144 0.0046773033124
0.506425699716 0.9144 0.00434502952534
0.508985810129 0.9144 0.00400278009778
0.511535944902 0.9144 0.00365983310548
0.514096055316 0.9144 0.00331758367791
0.516646190089 0.9144 0.00297463668561
0.519206300502 0.9144 0.00263238725805
0.52175713284 0.9144 0.00227946462525
0.524307267613 0.9144 0.00193651763295
0.526868075591 0.9144 0.00158429256488
0.529418907929 0.9144 0.00123136993208
0.531069352097 0.9144 0.000995925566694
0.532101516288 0.9144 0.000857588719358
0.532749723186 0.9144 0.000762573895518
0.533144353684 0.9144 0.000709973796257
0.533397930084 0.9144 0.000667559071678
0.533404208167 0.9144 0.000577778307154
0.533399813045 0.9144 0.000497275618396
0.533396115487 0.9144 0.000406797289135
0.533402393569 0.9144 0.000317016524612
0.533398696011 0.9144 0.000226538195351
0.533394998454 0.9144 0.00013605986609
0.533401276536 0.9144 4.62791015668e-05
0.533397578978 0.9144 -4.4199227694e-05

ZONE T="SLICE_Y_0p9144_BINS03_KS_0p5334mm_SINGLE_LAYER"
0.533397578978 0.9144 -4.4199227694e-05
0.533403857061 0.9144 -0.000133979992217
0.533400159503 0.9144 -0.000224458321478
0.533396461945 0.9144 -0.000314936650739
0.533402740028 0.9144 -0.000404717415262
0.53339904247 0.9144 -0.000495195744523
0.533395344912 0.9144 -0.000585674073784
0.533401622995 0.9144 -0.000675454838307
0.533152929547 0.9144 -0.000702869597246
0.532746020981 0.9144 -0.000761396672989
0.532101092172 0.9144 -0.000856616583436
0.531068508512 0.9144 -0.000998992799648
0.529420225401 0.9144 -0.00122452059159
0.526869041957 0.9144 -0.00158335625816
0.524327136589 0.9144 -0.00193151871949
0.521775255581 0.9144 -0.00228037874556
0.519223374572 0.9144 -0.00262923877162
0.516671493563 0.9144 -0.00297809879769
0.51411891499 0.9144 -0.00331698318325
0.511566336417 0.9144 -0.00365586756882
0.509013757843 0.9144 -0.00399475195438
0.50646117927 0.9144 -0.00433363633995
0.503908600696 0.9144 -0.00467252072551
0.501356022123 0.9144 -0.00501140511107
0.498802745985 0.9144 -0.00534031385613
0.496249469847 0.9144 -0.0056692226012
0.493696193709 0.9144 -0.00599813134626
0.491142917571 0.9144 -0.00632704009132
0.488588943868 0.9144 -0.00664597319588
0.48603566773 0.9144 -0.00697488194094
0.483481694027 0.9144 -0.0072938150455
0.480927720324 0.9144 -0.00761274815006
0.478373746621 0.9144 -0.00793168125462
0.475819772918 0.9144 -0.00825061435917
0.473265101651 0.9144 -0.00855957182323
0.470711127948 0.9144 -0.00887850492779
0.46815645668 0.9144 -0.00918746239185
0.465601785413 0.9144 -0.0094964198559
0.463047114145 0.9144 -0.00980537731996
0.460491745313 0.9144 -0.0101043591435
0.457937074045 0.9144 -0.0104133166076
0.455371729572 0.9144 -0.0107129959959
0.45281636074 0.9144 -0.0110119778194
0.450260991908 0.9144 -0.011310959643
0.447705623075 0.9144 -0.0116099414665
0.445150254243 0.9144 -0.0119089232901
0.442594187846 0.9144 -0.0121979294731
0.440028843373 0.9144 -0.0124976088614
0.437472776976 0.9144 -0.0127866150445
0.434916710579 0.9144 -0.0130756212275
0.432360644182 0.9144 -0.0133646274106
0.429804577785 0.9144 -0.0136536335936
0.427237838183 0.9144 -0.0139333617009
0.424681074221 0.9144 -0.0142123922435
0.422125007824 0.9144 -0.0145013984265
0.419568243862 0.9144 -0.0147804289691
0.4170114799 0.9144 -0.0150594595116
0.414444042733 0.9144 -0.0153292119784
0.411887278771 0.9144 -0.0156082425209
0.409329817245 0.9144 -0.015877297423
0.406773053283 0.9144 -0.0161563279655
0.404205616116 0.9144 -0.0164260804323
0.40164815459 0.9144 -0.0166951353344
0.399089995498 0.9144 -0.0169542145959
0.396522558331 0.9144 -0.0172239670627
0.39396439924 0.9144 -0.0174830463242
0.391406937713 0.9144 -0.0177521012263
0.388848778622 0.9144 -0.0180111804878
0.38628064389 0.9144 -0.0182709573141
0.383721787234 0.9144 -0.0185200609351
0.381163628143 0.9144 -0.0187791401967
0.378594795847 0.9144 -0.0190289413825
0.376036636755 0.9144 -0.019288020644
0.373477780099 0.9144 -0.019537124265
0.370908947803 0.9144 -0.0197869254508
0.368349393582 0.9144 -0.0200260534314
0.365790536926 0.9144 -0.0202751570524
0.363221007065 0.9144 -0.0205149825977
0.360662150409 0.9144 -0.0207640862187
0.358102596188 0.9144 -0.0210032141993
0.355532368762 0.9144 -0.021233064104
0.352972814541 0.9144 -0.0214721920846
0.350413260321 0.9144 -0.0217113200651
0.347843032895 0.9144 -0.0219411699699
0.345282781109 0.9144 -0.0221703223099
0.342712553683 0.9144 -0.0224001722147
0.340152301898 0.9144 -0.0226293245547
0.337591352548 0.9144 -0.0228485012542
0.335021125122 0.9144 -0.023078351159
0.332460175771 0.9144 -0.0232975278586
0.329889250781 0.9144 -0.0235174021228
0.32732830143 0.9144 -0.0237365788224
0.324766654515 0.9144 -0.0239457798814
0.322195729525 0.9144 -0.0241656541457
0.31963408261 0.9144 -0.0243748552047
0.317062460054 0.9144 -0.0245847538285
0.314500813139 0.9144 -0.0247939548875
0.31193846866 0.9144 -0.024993180306
0.309366846104 0.9144 -0.0252030789298
0.306804501624 0.9144 -0.0254023043483
0.304232181504 0.9144 -0.0256022273316
0.30166913946 0.9144 -0.0257914771096
0.29910679498 0.9144 -0.0259907025281
0.296533777295 0.9144 -0.0261806498709
0.293970735251 0.9144 -0.0263698996489
0.291397717566 0.9144 -0.0265598469917
0.288834675521 0.9144 -0.0267490967697
0.286260960272 0.9144 -0.026929068472
0.283697220663 0.9144 -0.0271083426095
0.281133481053 0.9144 -0.027287616747
0.278559068239 0.9144 -0.0274576128088
0.27599532863 0.9144 -0.0276368869463
0.273420915815 0.9144 -0.027806883008
0.270856478642 0.9144 -0.0279761815051
0.268281368262 0.9144 -0.0281362019263
0.265716233524 0.9144 -0.0282955247828
0.263151098785 0.9144 -0.0284548476394
0.260575988406 0.9144 -0.0286148680606
0.258010853667 0.9144 -0.0287741909171
0.255435045723 0.9144 -0.0289242356979
0.25286921342 0.9144 -0.0290735829139
0.250302683552 0.9144 -0.0292129544894
0.247726875608 0.9144 -0.0293629992702
0.24516034574 0.9144 -0.0295023708457
0.242583142667 0.9144 -0.0296324643454
0.240016612798 0.9144 -0.0297718359209
0.237449385366 0.9144 -0.0299012318559
0.234871484728 0.9144 -0.0300213497152
0.232304257295 0.9144 -0.0301507456502
0.229726356657 0.9144 -0.0302708635094
0.227158431659 0.9144 -0.0303902838039
0.224589809097 0.9144 -0.0304997284579
0.222011210894 0.9144 -0.0306098706767
0.219442588331 0.9144 -0.0307193153307
0.216873268204 0.9144 -0.0308187843442
0.214303948077 0.9144 -0.0309182533577
0.21172465231 0.9144 -0.0310184199359
0.209154634618 0.9144 -0.0311079133089
0.206583919361 0.9144 -0.0311874310414
0.204003926029 0.9144 -0.0312776219792
0.201433210773 0.9144 -0.0313571397117
0.198861797951 0.9144 -0.0314266818037
0.196291082695 0.9144 -0.0315061995362
0.193718972309 0.9144 -0.0315657659876
0.191137583847 0.9144 -0.0316360056444
0.188564775896 0.9144 -0.0316855964554
0.18599266551 0.9144 -0.0317451629069
0.183419857559 0.9144 -0.0317947537178
0.180846352044 0.9144 -0.0318343688883
0.178272846528 0.9144 -0.0318739840588
0.175699341013 0.9144 -0.0319135992293
0.173125137933 0.9144 -0.0319432387593
0.170550237288 0.9144 -0.0319629026488
0.167975336643 0.9144 -0.0319825665382
0.165400435998 0.9144 -0.0320022304277
0.162824837788 0.9144 -0.0320119186767
0.160258517654 0.9144 -0.0320109337204
0.15768222188 0.9144 -0.0320106463289
0.155105228541 0.9144 -0.0320003832969
0.152528235201 0.9144 -0.0319901202649
0.149960519938 0.9144 -0.0319691840276
0.147382829034 0.9144 -0.0319489453551
0.144803743001 0.9144 -0.0319087554015
0.142235330173 0.9144 -0.0318778435238
0.139656244139 0.9144 -0.0318376535702
0.137087831311 0.9144 -0.0318067416925
0.134508745278 0.9144 -0.0317665517389
0.13193893732 0.9144 -0.0317156885801
0.129369129362 0.9144 -0.0316648254214
0.126789345764 0.9144 -0.0316146598273
0.124218142677 0.9144 -0.0315438453876
0.12164693959 0.9144 -0.0314730309478
0.119065063298 0.9144 -0.0313929384322
0.116492465081 0.9144 -0.0313021727114
0.113919866864 0.9144 -0.0312114069907
0.111326619802 0.9144 -0.0311120607588
0.108853080426 0.9144 -0.0310043437502
0.1064999463 0.9144 -0.0308982316052
0.10425654422 0.9144 -0.0307844462481
0.102123571751 0.9144 -0.0306729633193
0.100091053251 0.9144 -0.0305644803837
0.0981582911558 0.9144 -0.0304490218007
0.0963167049548 0.9144 -0.0303472364161
0.0945542263132 0.9144 -0.0302298948731
0.0928829235655 0.9144 -0.0301262265285
0.0912914259419 0.9144 -0.0300169776659
0.089780431007 0.9144 -0.029912123926
0.0883299874799 0.9144 -0.0298130604381
0.0868888220285 0.9144 -0.029703323745
0.0854476565772 0.9144 -0.0295935870519
0.0840057935611 0.9144 -0.0294738747183
0.0825646281097 0.9144 -0.0293641380252
0.0811227650936 0.9144 -0.0292444256916
0.0796802045128 0.9144 -0.0291147377175
0.078237643932 0.9144 -0.0289850497434
0.0767950833511 0.9144 -0.0288553617693
0.0753525227703 0.9144 -0.0287256737952
0.0739092646247 0.9144 -0.0285860101806
0.0724653089144 0.9144 -0.0284363709255
0.0710320264093 0.9144 -0.0282960097462
0.069588070699 0.9144 -0.028146370491
0.068143417424 0.9144 -0.0279867555954
0.0667087397894 0.9144 -0.0278264431351
0.0652640865144 0.9144 -0.0276668282395
0.0638287113151 0.9144 -0.0274965401386
0.0623933361158 0.9144 -0.0273262520378
0.0609472877113 0.9144 -0.0271466858611
0.0595112149473 0.9144 -0.0269664221198
0.0580744446186 0.9144 -0.0267761827379
0.0566376742898 0.9144 -0.0265859433561
0.0552115771663 0.9144 -0.02640498205
0.0537775970965 0.9144 -0.0262546452301
0.0523343389509 0.9144 -0.0261149816155
0.0508910808053 0.9144 -0.0259753180009
0.0494478226598 0.9144 -0.0258356543863
0.0480045645142 0.9144 -0.0256959907717
0.0465613063686 0.9144 -0.0255563271571
0.0451173506583 0.9144 -0.025406687902
0.043673394948 0.9144 -0.0252570486469
0.0422294392377 0.9144 -0.0251074093917
0.0407748103222 0.9144 -0.0249484920609
0.0393308546118 0.9144 -0.0247988528058
0.0378862013368 0.9144 -0.0246392379101
0.0364308748565 0.9144 -0.0244703449388
0.0349862215815 0.9144 -0.0243107300432
0.0335308951012 0.9144 -0.0241418370718
0.0320848466967 0.9144 -0.0239622708952
0.0306295202164 0.9144 -0.0237933779238
0.0291734961714 0.9144 -0.0236145093119
0.0277174721263 0.9144 -0.0234356407
0.0262920725676 0.9144 -0.0232646550344
0.0248650681451 0.9144 -0.0232140746196
0.0237542842257 0.9144 -0.0232416261029
0.0227542080128 0.9144 -0.0235621687187
0.0216536778302 0.9144 -0.0238797113414
0.0203841909616 0.9144 -0.0237880429693
0.0181289986433 0.9144 -0.0239357169594
0.0156589470907 0.9144 -0.0238778781533
0.0134405889791 0.9144 -0.0236921706184
0.0113446604502 0.9144 -0.0231069496329
0.00951458639122 0.9144 -0.022453016197
0.00781949808028 0.9144 -0.0215791308394
0.00625988334797 0.9144 -0.0206356257325
0.00478377129753 0.9144 -0.0195960617785
0.00336193257222 0.9144 -0.018472507312
0.00199436717202 0.9144 -0.017264962333
0.000705211766364 0.9144 -0.0160318855552
-0.000449377359594 0.9144 -0.0148595699192
-0.00150372224997 0.9144 -0.0138306108082
-0.00244296431109 0.9144 -0.0130141401409
-0.00327547431981 0.9144 -0.0122904502312
-0.00403954997449 0.9144 -0.0115419260874
-0.00474098152721 0.9144 -0.0108291191171
-0.00545587654411 0.9144 -0.0100671315091
-0.00619909361887 0.9144 -0.00918683134447
-0.00690080326797 0.9144 -0.00818333567015
-0.00767492292535 0.9144 -0.00700446385522
-0.00843655477966 0.9144 -0.0055741083335
-0.00918269883778 0.9144 -0.00379181513525
-0.00967903241497 0.9144 -0.00171136975501
-0.00980724295468 0.9144 0.000695549865064
-0.00939425674468 0.9144 0.003390924123
-0.00824516583171 0.9144 0.00616784509302
-0.00634253109731 0.9144 0.00877692176255
-0.0045499111524 0.9144 0.0102355216848
-0.00313022883593 0.9144 0.0110064316148
-0.00169150253737 0.9144 0.0116483557831
-0.000265961606613 0.9144 0.0120487718851
0.00107844743285 0.9144 0.0120325135144
0.00208347496104 0.9144 0.0118521814109
0.00316251736118 0.9144 0.0116168784175
0.00428585744593 0.9144 0.0114648683717
0.00535952906234 0.9144 0.0114497270341
0.00653846923948 0.9144 0.0117928014557
0.00786306836991 0.9144 0.0123465497231
0.00922757006235 0.9144 0.0129030882495
0.0105841888085 0.9144 0.0134290022896
0.0119415051194 0.9144 0.0139449406892
0.013310889765 0.9144 0.014431649732
0.0146816695401 0.9144 0.0148984074939
0.0160438688041 0.9144 0.01534451641
0.0174160437087 0.9144 0.0157913228908
0.0187761502785 0.9144 0.0162673587284
0.0201234909489 0.9144 0.0167825995633
0.0214729243135 0.9144 0.0172679134767
0.0228337284481 0.9144 0.0177339736738
0.0242052057879 0.9144 0.0181907557951
0.0255681026167 0.9144 0.0186268890707
0.0269523458559 0.9144 0.0190444661947
0.0283273110195 0.9144 0.0194513701136
0.0297129493882 0.9144 0.0198489959566
0.0310999828864 0.9144 0.0202266705187
0.0324877139494 0.9144 0.0205943694402
0.0338861182176 0.9144 0.020952790286
0.0352852200505 0.9144 0.0213012354913
0.0366850194482 0.9144 0.0216397050561
0.0380855164106 0.9144 0.0219681989803
0.0394867109377 0.9144 0.0222867172641
0.0408886030296 0.9144 0.0225952599074
0.0423011683267 0.9144 0.0228945244749
0.0437037579833 0.9144 0.0231930914777
0.0451177184099 0.9144 0.0234724047642
0.0465316788365 0.9144 0.0237517180507
0.0479463368279 0.9144 0.0240210556967
0.0493616923839 0.9144 0.0242804177022
0.0507777455048 0.9144 0.0245298040672
0.0521937986256 0.9144 0.0247791904321
0.0536105493111 0.9144 0.0250186011566
0.0550272999967 0.9144 0.0252580118811
0.0564547238874 0.9144 0.0254881445299
0.0578728697025 0.9144 0.0257076039733
0.059300991158 0.9144 0.0259277609816
0.0607198345378 0.9144 0.0261372447845
0.0621386779175 0.9144 0.0263467285875
0.0635681945025 0.9144 0.0265469343147
0.0649984086523 0.9144 0.0267371644015
0.0664179495968 0.9144 0.0269366725639
0.0678488613112 0.9144 0.0271169270102
0.0692797730257 0.9144 0.0272971814564
0.0707007090997 0.9144 0.0274767383378
0.0721323183789 0.9144 0.0276470171435
0.0735639276581 0.9144 0.0278172959493
0.074996234502 0.9144 0.0279775991145
0.0764185657055 0.9144 0.0281372047149
0.0778515701142 0.9144 0.0282875322396
0.0792845745229 0.9144 0.0284378597643
0.0807182764963 0.9144 0.0285782116485
0.082151280905 0.9144 0.0287285391732
0.0835757048026 0.9144 0.0288582178522
0.0850094067761 0.9144 0.0289985697364
0.0864438063142 0.9144 0.0291289459801
0.0878789034171 0.9144 0.0292493465833
0.0893133029553 0.9144 0.029379722827
0.0908182295417 0.9144 0.0295050063834
0.0923936831764 0.9144 0.0296251972524
0.0940582200108 0.9144 0.0297616418445
0.0958032595341 0.9144 0.0298936913141
0.097628801746 0.9144 0.0300213456611
0.099554100363 0.9144 0.0301559756554
0.101569877309 0.9144 0.0302869080918
0.103695386301 0.9144 0.0304255137404
0.105921349263 0.9144 0.0305611193959
0.108257741834 0.9144 0.0306944226229
0.110714539657 0.9144 0.0308261209863
0.11329174273 0.9144 0.0309562144861
0.115869643368 0.9144 0.0310763323453
0.118448241571 0.9144 0.031186474564
0.121016864134 0.9144 0.031295919218
0.123596159901 0.9144 0.0313960857963
0.126176153234 0.9144 0.031486276734
0.12874686849 0.9144 0.0315657944665
0.131328256952 0.9144 0.0316360341232
0.133899669773 0.9144 0.0317055762152
0.1364817558 0.9144 0.0317658402315
0.139064539391 0.9144 0.0318161286072
0.141637347342 0.9144 0.0318657194182
0.144210852857 0.9144 0.0319053345887
0.146795031578 0.9144 0.0319356716834
0.149369234658 0.9144 0.0319653112134
0.151954110944 0.9144 0.0319856726676
0.154529011589 0.9144 0.0320053365571
0.157105307363 0.9144 0.0320050491656
0.159680905573 0.9144 0.0320147374145
0.162257201347 0.9144 0.032014450023
0.164844170327 0.9144 0.0320048845557
0.167421163666 0.9144 0.0319946215237
0.16999885457 0.9144 0.0319743828512
0.172577243039 0.9144 0.0319441685381
0.175154933942 0.9144 0.0319239298656
0.177734019976 0.9144 0.0318837399121
0.180313106009 0.9144 0.0318435499585
0.182882216402 0.9144 0.0318026624403
0.185462 0.9144 0.0317524968462
0.188041783598 0.9144 0.0317023312522
0.190622264761 0.9144 0.0316421900176
0.193192770284 0.9144 0.0315813512184
0.195773949011 0.9144 0.0315112343433
0.198355127739 0.9144 0.0314411174683
0.200926330826 0.9144 0.0313703030285
0.203508207118 0.9144 0.031290210513
0.20608010777 0.9144 0.0312094204327
0.208662681627 0.9144 0.0311193522766
0.211235279844 0.9144 0.0310285865558
0.21380787806 0.9144 0.0309378208351
0.216391149482 0.9144 0.0308377770385
0.218964445264 0.9144 0.0307370356772
0.22153843861 0.9144 0.0306263186754
0.224112431956 0.9144 0.0305156016736
0.226696400942 0.9144 0.0304055822366
0.229270394288 0.9144 0.0302948652348
0.231845085199 0.9144 0.0301741725925
0.234420473675 0.9144 0.0300435043097
0.236995164585 0.9144 0.0299228116674
0.239570553061 0.9144 0.0297921433846
0.242145941536 0.9144 0.0296614751018
0.244722027577 0.9144 0.0295208311785
0.247288137976 0.9144 0.0293794896905
0.249864224017 0.9144 0.0292388457672
0.252440310057 0.9144 0.0290982018439
0.255017093662 0.9144 0.0289475822801
0.257583901626 0.9144 0.0287962651515
0.260160685231 0.9144 0.0286456455877
0.262738166401 0.9144 0.0284850503834
0.26530567193 0.9144 0.0283237576144
0.2678831531 0.9144 0.0281631624101
0.270450658629 0.9144 0.0280018696411
0.273028837364 0.9144 0.0278312987963
0.275597040458 0.9144 0.0276600303867
0.278175219192 0.9144 0.0274894595419
0.280744119851 0.9144 0.0273082154919
0.283312322945 0.9144 0.0271369470823
0.285891199244 0.9144 0.026956400597
0.288460099903 0.9144 0.026775156547
0.291029698126 0.9144 0.0265839368564
0.293598598785 0.9144 0.0264026928064
0.296178172649 0.9144 0.0262121706806
0.298747770872 0.9144 0.02602095099
0.301318066661 0.9144 0.025819755659
0.303887664884 0.9144 0.0256285359684
0.306457960672 0.9144 0.0254273406374
0.30902825646 0.9144 0.0252261453063
0.311598552249 0.9144 0.0250249499753
0.314169545602 0.9144 0.0248137790037
0.31673984139 0.9144 0.0246125836726
0.319310834743 0.9144 0.0244014127011
0.321881828096 0.9144 0.0241902417295
0.324442845808 0.9144 0.0239783731932
0.327014536726 0.9144 0.0237572265812
0.329585530079 0.9144 0.0235460556096
0.332157220996 0.9144 0.0233249089976
0.334718936273 0.9144 0.0231030648208
0.337290627191 0.9144 0.0228819182087
0.339863015673 0.9144 0.0226507959562
0.342424730951 0.9144 0.0224289517794
0.344997119433 0.9144 0.0221978295268
0.347559532275 0.9144 0.0219660097095
0.350131920757 0.9144 0.021734887457
0.352694333599 0.9144 0.0215030676397
0.355267419646 0.9144 0.0212619697466
0.357830530053 0.9144 0.0210201742888
0.3604036161 0.9144 0.0207790763957
0.362966726507 0.9144 0.0205372809379
0.365529836913 0.9144 0.0202954854801
0.368102922961 0.9144 0.0200543875871
0.370666730932 0.9144 0.0198026164888
0.373229841339 0.9144 0.019560821031
0.37579364931 0.9144 0.0193090499327
0.378367432922 0.9144 0.0190579763991
0.380931240893 0.9144 0.0188062053008
0.383495746429 0.9144 0.018544458562
0.386059554401 0.9144 0.0182926874637
0.388624059937 0.9144 0.0180309407249
0.391188565473 0.9144 0.0177691939861
0.393753071009 0.9144 0.0175074472473
0.396317576545 0.9144 0.0172457005085
0.398882779646 0.9144 0.0169739781292
0.401447285182 0.9144 0.0167122313904
0.404012488283 0.9144 0.0164405090111
0.406577691384 0.9144 0.0161687866318
0.409142894485 0.9144 0.0158970642525
0.411708097585 0.9144 0.0156253418732
0.414273300686 0.9144 0.0153536194938
0.416829225711 0.9144 0.0150712239093
0.419394428812 0.9144 0.01479950153
0.421960329478 0.9144 0.0145178035102
0.424516254503 0.9144 0.0142354079256
0.427082155168 0.9144 0.0139537099058
0.429648753399 0.9144 0.0136620362455
0.432204678424 0.9144 0.013379640661
0.434771276654 0.9144 0.0130879670007
0.437327201679 0.9144 0.0128055714161
0.43989379991 0.9144 0.0125138977558
0.442450422499 0.9144 0.0122215265307
0.445017718294 0.9144 0.0119198772299
0.447574340884 0.9144 0.0116275060049
0.450141636679 0.9144 0.0113258567041
0.452698259269 0.9144 0.011033485479
0.455255579424 0.9144 0.0107311386135
0.457822875219 0.9144 0.0104294893127
0.460380892938 0.9144 0.0101171668066
0.462938213093 0.9144 0.00981481994105
0.465496230812 0.9144 0.00950249743499
0.468063526607 0.9144 0.00920084813418
0.470621544326 0.9144 0.00888852562812
0.473179562045 0.9144 0.00857620312207
0.475738277329 0.9144 0.00825390497551
0.478296295049 0.9144 0.00794158246946
0.480855010333 0.9144 0.0076192843229
0.483413028052 0.9144 0.00730696181684
0.485971743336 0.9144 0.00698466367029
0.48853045862 0.9144 0.00666236552373
0.491089871469 0.9144 0.00633009173667
0.493638611112 0.9144 0.00600709602538
0.496198023961 0.9144 0.00567482223832
0.49875743681 0.9144 0.00534254845126
0.501316849659 0.9144 0.0050102746642
0.503866286867 0.9144 0.0046773033124
0.506425699716 0.9144 0.00434502952534
0.508985810129 0.9144 0.00400278009778
0.511535944902 0.9144 0.00365983310548
0.514096055316 0.9144 0.00331758367791
0.516646190089 0.9144 0.00297463668561
0.519206300502 0.9144 0.00263238725805
0.52175713284 0.9144 0.00227946462525
0.524307267613 0.9144 0.00193651763295
0.526868075591 0.9144 0.00158429256488
0.529418907929 0.9144 0.00123136993208
0.531069352097 0.9144 0.000995925566694
0.532101516288 0.9144 0.000857588719358
0.532749723186 0.9144 0.000762573895518
0.533144353684 0.9144 0.000709973796257
0.533397930084 0.9144 0.000667559071678
0.533404208167 0.9144 0.000577778307154
0.533399813045 0.9144 0.000497275618396
0.533396115487 0.9144 0.000406797289135
0.533402393569 0.9144 0.000317016524612
0.533398696011 0.9144 0.000226538195351
0.533394998454 0.9144 0.00013605986609
0.533401276536 0.9144 4.62791015668e-05
0.533397578978 0.9144 -4.4199227694e-05

ZONE T="SLICE_Y_0p9144_BINS07_KS_0p5334mm_SINGLE_LAYER"
0.533397578978 0.9144 -4.4199227694e-05
0.533403857061 0.9144 -0.000133979992217
0.533400159503 0.9144 -0.000224458321478
0.533396461945 0.9144 -0.000314936650739
0.533402740028 0.9144 -0.000404717415262
0.53339904247 0.9144 -0.000495195744523
0.533395344912 0.9144 -0.000585674073784
0.533401622995 0.9144 -0.000675454838307
0.533152929547 0.9144 -0.000702869597246
0.532746020981 0.9144 -0.000761396672989
0.532101092172 0.9144 -0.000856616583436
0.531068508512 0.9144 -0.000998992799648
0.529420225401 0.9144 -0.00122452059159
0.526869041957 0.9144 -0.00158335625816
0.524327136589 0.9144 -0.00193151871949
0.521775255581 0.9144 -0.00228037874556
0.519223374572 0.9144 -0.00262923877162
0.516671493563 0.9144 -0.00297809879769
0.51411891499 0.9144 -0.00331698318325
0.511566336417 0.9144 -0.00365586756882
0.509013757843 0.9144 -0.00399475195438
0.50646117927 0.9144 -0.00433363633995
0.503908600696 0.9144 -0.00467252072551
0.501356022123 0.9144 -0.00501140511107
0.498802745985 0.9144 -0.00534031385613
0.496249469847 0.9144 -0.0056692226012
0.493696193709 0.9144 -0.00599813134626
0.491142917571 0.9144 -0.00632704009132
0.488588943868 0.9144 -0.00664597319588
0.48603566773 0.9144 -0.00697488194094
0.483481694027 0.9144 -0.0072938150455
0.480927720324 0.9144 -0.00761274815006
0.478373746621 0.9144 -0.00793168125462
0.475819772918 0.9144 -0.00825061435917
0.473265101651 0.9144 -0.00855957182323
0.470711127948 0.9144 -0.00887850492779
0.46815645668 0.9144 -0.00918746239185
0.465601785413 0.9144 -0.0094964198559
0.463047114145 0.9144 -0.00980537731996
0.460491745313 0.9144 -0.0101043591435
0.457937074045 0.9144 -0.0104133166076
0.455371729572 0.9144 -0.0107129959959
0.45281636074 0.9144 -0.0110119778194
0.450260991908 0.9144 -0.011310959643
0.447705623075 0.9144 -0.0116099414665
0.445150254243 0.9144 -0.0119089232901
0.442594187846 0.9144 -0.0121979294731
0.440028843373 0.9144 -0.0124976088614
0.437472776976 0.9144 -0.0127866150445
0.434916710579 0.9144 -0.0130756212275
0.432360644182 0.9144 -0.0133646274106
0.429804577785 0.9144 -0.0136536335936
0.427237838183 0.9144 -0.0139333617009
0.424681074221 0.9144 -0.0142123922435
0.422125007824 0.9144 -0.0145013984265
0.419568243862 0.9144 -0.0147804289691
0.4170114799 0.9144 -0.0150594595116
0.414444042733 0.9144 -0.0153292119784
0.411887278771 0.9144 -0.0156082425209
0.409329817245 0.9144 -0.015877297423
0.406773053283 0.9144 -0.0161563279655
0.404205616116 0.9144 -0.0164260804323
0.40164815459 0.9144 -0.0166951353344
0.399089995498 0.9144 -0.0169542145959
0.396522558331 0.9144 -0.0172239670627
0.39396439924 0.9144 -0.0174830463242
0.391406937713 0.9144 -0.0177521012263
0.388848778622 0.9144 -0.0180111804878
0.38628064389 0.9144 -0.0182709573141
0.383721787234 0.9144 -0.0185200609351
0.381163628143 0.9144 -0.0187791401967
0.378594795847 0.9144 -0.0190289413825
0.376036636755 0.9144 -0.019288020644
0.373477780099 0.9144 -0.019537124265
0.370908947803 0.9144 -0.0197869254508
0.368349393582 0.9144 -0.0200260534314
0.365790536926 0.9144 -0.0202751570524
0.363221007065 0.9144 -0.0205149825977
0.360662150409 0.9144 -0.0207640862187
0.358102596188 0.9144 -0.0210032141993
0.355532368762 0.9144 -0.021233064104
0.352972814541 0.9144 -0.0214721920846
0.350413260321 0.9144 -0.0217113200651
0.347843032895 0.9144 -0.0219411699699
0.345282781109 0.9144 -0.0221703223099
0.342712553683 0.9144 -0.0224001722147
0.340152301898 0.9144 -0.0226293245547
0.337591352548 0.9144 -0.0228485012542
0.335021125122 0.9144 -0.023078351159
0.332460175771 0.9144 -0.0232975278586
0.329889250781 0.9144 -0.0235174021228
0.32732830143 0.9144 -0.0237365788224
0.324766654515 0.9144 -0.0239457798814
0.322195729525 0.9144 -0.0241656541457
0.31963408261 0.9144 -0.0243748552047
0.317062460054 0.9144 -0.0245847538285
0.314500813139 0.9144 -0.0247939548875
0.31193846866 0.9144 -0.024993180306
0.309366846104 0.9144 -0.0252030789298
0.306804501624 0.9144 -0.0254023043483
0.304232181504 0.9144 -0.0256022273316
0.30166913946 0.9144 -0.0257914771096
0.29910679498 0.9144 -0.0259907025281
0.296533777295 0.9144 -0.0261806498709
0.293970735251 0.9144 -0.0263698996489
0.291397717566 0.9144 -0.0265598469917
0.288834675521 0.9144 -0.0267490967697
0.286260960272 0.9144 -0.026929068472
0.283697220663 0.9144 -0.0271083426095
0.281133481053 0.9144 -0.027287616747
0.278559068239 0.9144 -0.0274576128088
0.27599532863 0.9144 -0.0276368869463
0.273420915815 0.9144 -0.027806883008
0.270856478642 0.9144 -0.0279761815051
0.268281368262 0.9144 -0.0281362019263
0.265716233524 0.9144 -0.0282955247828
0.263151098785 0.9144 -0.0284548476394
0.260575988406 0.9144 -0.0286148680606
0.258010853667 0.9144 -0.0287741909171
0.255435045723 0.9144 -0.0289242356979
0.25286921342 0.9144 -0.0290735829139
0.250302683552 0.9144 -0.0292129544894
0.247726875608 0.9144 -0.0293629992702
0.24516034574 0.9144 -0.0295023708457
0.242583142667 0.9144 -0.0296324643454
0.240016612798 0.9144 -0.0297718359209
0.237449385366 0.9144 -0.0299012318559
0.234871484728 0.9144 -0.0300213497152
0.232304257295 0.9144 -0.0301507456502
0.229726356657 0.9144 -0.0302708635094
0.227158431659 0.9144 -0.0303902838039
0.224589809097 0.9144 -0.0304997284579
0.222011210894 0.9144 -0.0306098706767
0.219442588331 0.9144 -0.0307193153307
0.216873268204 0.9144 -0.0308187843442
0.214303948077 0.9144 -0.0309182533577
0.21172465231 0.9144 -0.0310184199359
0.209154634618 0.9144 -0.0311079133089
0.206583919361 0.9144 -0.0311874310414
0.204003926029 0.9144 -0.0312776219792
0.201433210773 0.9144 -0.0313571397117
0.198861797951 0.9144 -0.0314266818037
0.196291082695 0.9144 -0.0315061995362
0.193718972309 0.9144 -0.0315657659876
0.191137583847 0.9144 -0.0316360056444
0.188564775896 0.9144 -0.0316855964554
0.18599266551 0.9144 -0.0317451629069
0.183419857559 0.9144 -0.0317947537178
0.180846352044 0.9144 -0.0318343688883
0.178272846528 0.9144 -0.0318739840588
0.175699341013 0.9144 -0.0319135992293
0.173125137933 0.9144 -0.0319432387593
0.170550237288 0.9144 -0.0319629026488
0.167975336643 0.9144 -0.0319825665382
0.165400435998 0.9144 -0.0320022304277
0.162824837788 0.9144 -0.0320119186767
0.160258517654 0.9144 -0.0320109337204
0.15768222188 0.9144 -0.0320106463289
0.155105228541 0.9144 -0.0320003832969
0.152528235201 0.9144 -0.0319901202649
0.149960519938 0.9144 -0.0319691840276
0.147382829034 0.9144 -0.0319489453551
0.144803743001 0.9144 -0.0319087554015
0.142235330173 0.9144 -0.0318778435238
0.139656941704 0.9144 -0.0318476292107
0.137088528876 0.9144 -0.031816717333
0.134509442842 0.9144 -0.0317765273794
0.131939634885 0.9144 -0.0317256642207
0.129359851287 0.9144 -0.0316754986266
0.126789345764 0.9144 -0.0316146598273
0.124218840242 0.9144 -0.0315538210281
0.121647637155 0.9144 -0.0314830065883
0.119065760862 0.9144 -0.0314029140727
0.116493162646 0.9144 -0.0313121483519
0.113920564429 0.9144 -0.0312213826312
0.111326619802 0.9144 -0.0311120607588
0.108853080426 0.9144 -0.0310043437502
0.1064999463 0.9144 -0.0308982316052
0.104257241785 0.9144 -0.0307944218886
0.102124269315 0.9144 -0.0306829389598
0.100091750815 0.9144 -0.0305744560242
0.0981589887205 0.9144 -0.0304589974413
0.0963167049548 0.9144 -0.0303472364161
0.0945549238779 0.9144 -0.0302398705136
0.0928836211303 0.9144 -0.030136202169
0.0912921235066 0.9144 -0.0300269533064
0.0897811285717 0.9144 -0.0299220995665
0.0883313826094 0.9144 -0.0298330117192
0.0868909147227 0.9144 -0.0297332506666
0.0854511444009 0.9144 -0.0296434652545
0.0840007008737 0.9144 -0.0295444017666
0.0825602329871 0.9144 -0.029444640714
0.0811190675358 0.9144 -0.0293349040209
0.0796679264439 0.9144 -0.0292258648925
0.0782267609925 0.9144 -0.0291161281994
0.0767855955412 0.9144 -0.0290063915063
0.0753437325251 0.9144 -0.0288866791727
0.0738918938685 0.9144 -0.0287676644039
0.0724500308524 0.9144 -0.0286479520703
0.0710074702716 0.9144 -0.0285182640962
0.0695649096907 0.9144 -0.0283885761221
0.0681216515452 0.9144 -0.0282489125074
0.0666783933996 0.9144 -0.0281092488928
0.065235135254 0.9144 -0.0279695852782
0.0637918771084 0.9144 -0.0278299216636
0.0623479213981 0.9144 -0.0276802824085
0.0609132437636 0.9144 -0.0275199699482
0.0594685904885 0.9144 -0.0273603550525
0.0580239372135 0.9144 -0.0272007401569
0.0565885620142 0.9144 -0.0270304520561
0.0551432111744 0.9144 -0.02686086152
0.0536978603347 0.9144 -0.0266912709838
0.0522617875706 0.9144 -0.0265110072425
0.0508264123714 0.9144 -0.0263407191416
0.0493910371721 0.9144 -0.0261704310408
0.047946383897 0.9144 -0.0260108161452
0.0465010330573 0.9144 -0.0258412256091
0.0450556822175 0.9144 -0.0256716350729
0.043609633813 0.9144 -0.0254920688963
0.0421735610489 0.9144 -0.025311805155
0.0407268150797 0.9144 -0.0251222633378
0.0392800691104 0.9144 -0.0249327215207
0.0378333231412 0.9144 -0.0247431797036
0.0363858796072 0.9144 -0.024543662246
0.0349384360732 0.9144 -0.0243441447884
0.0334902949744 0.9144 -0.0241346516902
0.0320421538757 0.9144 -0.0239251585921
0.0305933152122 0.9144 -0.0237056898535
0.0291444765488 0.9144 -0.0234862211148
0.0276949403206 0.9144 -0.0232567767357
0.0262354284519 0.9144 -0.0230280299213
0.0248165167099 0.9144 -0.0228064684885
0.0234087660037 0.9144 -0.0227445173037
0.0223970409245 0.9144 -0.0227551174991
0.0214310770216 0.9144 -0.0231334212637
0.0203456151669 0.9144 -0.0233797392734
0.0189949280448 0.9144 -0.0232737001382
0.0164390713819 0.9144 -0.0234223497894
0.0139734149519 0.9144 -0.0232840082945
0.0117879837549 0.9144 -0.0229957540957
0.00974284072748 0.9144 -0.0222766643952
0.00797841076359 0.9144 -0.0215579941631
0.00632552744306 0.9144 -0.0205708889363
0.00482227873007 0.9144 -0.0195733202385
0.00338906923478 0.9144 -0.0184305120557
0.00201222575881 0.9144 -0.017233640282
0.000723070353157 0.9144 -0.0160005635042
-0.000420845567561 0.9144 -0.014837525944
-0.00148516609844 0.9144 -0.0138092643978
-0.00241443251906 0.9144 -0.0129920961657
-0.00324694252778 0.9144 -0.012268406256
-0.0040017401067 0.9144 -0.0115092089069
-0.00471314729991 0.9144 -0.0107970995014
-0.00541806667631 0.9144 -0.0100344143286
-0.00617195695631 0.9144 -0.00914483608825
-0.00685441288914 0.9144 -0.00812996964395
-0.007649878957 0.9144 -0.00693254167749
-0.00838297901928 0.9144 -0.00548014218056
-0.00914188897685 0.9144 -0.00365864398503
-0.00955981255949 0.9144 -0.00155266680589
-0.00966158400139 0.9144 0.000906223710915
-0.00912819254062 0.9144 0.0035999931052
-0.00788283304631 0.9144 0.0064337679251
-0.00583935394958 0.9144 0.00889230268818
-0.00432856410131 0.9144 0.0100805846557
-0.00302858947087 0.9144 0.0108431238089
-0.00173021970408 0.9144 0.0114852577114
-0.000427176718308 0.9144 0.0119172055986
0.000758529372026 0.9144 0.0120201670833
0.00161622472107 0.9144 0.011939801119
0.00267761826859 0.9144 0.0118135326064
0.00380416808065 0.9144 0.0119023330622
0.00502419621509 0.9144 0.0120878899299
0.00634558561822 0.9144 0.0124008276958
0.00777321924318 0.9144 0.0127713168763
0.00919087722765 0.9144 0.0131411084921
0.0105772131611 0.9144 0.0135287586946
0.0119387148604 0.9144 0.0139848432512
0.0132981238655 0.9144 0.0144708547293
0.0146589280001 0.9144 0.0149369149264
0.0160311029047 0.9144 0.0153837214072
0.017403975374 0.9144 0.0158205522476
0.0187754527138 0.9144 0.0162773343689
0.0201234909489 0.9144 0.0167825995633
0.0214729243135 0.9144 0.0172679134767
0.0228337284481 0.9144 0.0177339736738
0.0242052057879 0.9144 0.0181907557951
0.0255681026167 0.9144 0.0186268890707
0.0269523458559 0.9144 0.0190444661947
0.0283273110195 0.9144 0.0194513701136
0.0297129493882 0.9144 0.0198489959566
0.0310999828864 0.9144 0.0202266705187
0.0324877139494 0.9144 0.0205943694402
0.0338861182176 0.9144 0.020952790286
0.0352852200505 0.9144 0.0213012354913
0.0366850194482 0.9144 0.0216397050561
0.0380855164106 0.9144 0.0219681989803
0.0394867109377 0.9144 0.0222867172641
0.0408886030296 0.9144 0.0225952599074
0.0423011683267 0.9144 0.0228945244749
0.0437037579833 0.9144 0.0231930914777
0.0451177184099 0.9144 0.0234724047642
0.0465316788365 0.9144 0.0237517180507
0.0479463368279 0.9144 0.0240210556967
0.0493616923839 0.9144 0.0242804177022
0.0507777455048 0.9144 0.0245298040672
0.0521937986256 0.9144 0.0247791904321
0.0536105493111 0.9144 0.0250186011566
0.0550272999967 0.9144 0.0252580118811
0.0564547238874 0.9144 0.0254881445299
0.0578728697025 0.9144 0.0257076039733
0.059300991158 0.9144 0.0259277609816
0.0607198345378 0.9144 0.0261372447845
0.0621386779175 0.9144 0.0263467285875
0.0635681945025 0.9144 0.0265469343147
0.0649984086523 0.9144 0.0267371644015
0.0664179495968 0.9144 0.0269366725639
0.0678488613112 0.9144 0.0271169270102
0.0692797730257 0.9144 0.0272971814564
0.0707007090997 0.9144 0.0274767383378
0.0721323183789 0.9144 0.0276470171435
0.0735639276581 0.9144 0.0278172959493
0.074996234502 0.9144 0.0279775991145
0.0764185657055 0.9144 0.0281372047149
0.0778515701142 0.9144 0.0282875322396
0.0792845745229 0.9144 0.0284378597643
0.0807182764963 0.9144 0.0285782116485
0.082151280905 0.9144 0.0287285391732
0.0835757048026 0.9144 0.0288582178522
0.0850094067761 0.9144 0.0289985697364
0.0864438063142 0.9144 0.0291289459801
0.0878789034171 0.9144 0.0292493465833
0.0893133029553 0.9144 0.029379722827
0.0908182295417 0.9144 0.0295050063834
0.0923936831764 0.9144 0.0296251972524
0.0940582200108 0.9144 0.0297616418445
0.0958032595341 0.9144 0.0298936913141
0.097628801746 0.9144 0.0300213456611
0.099554100363 0.9144 0.0301559756554
0.101569877309 0.9144 0.0302869080918
0.103695386301 0.9144 0.0304255137404
0.105921349263 0.9144 0.0305611193959
0.108257741834 0.9144 0.0306944226229
0.110714539657 0.9144 0.0308261209863
0.11329174273 0.9144 0.0309562144861
0.115869643368 0.9144 0.0310763323453
0.118448241571 0.9144 0.031186474564
0.121016864134 0.9144 0.031295919218
0.123596159901 0.9144 0.0313960857963
0.126176153234 0.9144 0.031486276734
0.12874686849 0.9144 0.0315657944665
0.131328256952 0.9144 0.0316360341232
0.133899669773 0.9144 0.0317055762152
0.1364817558 0.9144 0.0317658402315
0.139064539391 0.9144 0.0318161286072
0.141637347342 0.9144 0.0318657194182
0.144210852857 0.9144 0.0319053345887
0.146795031578 0.9144 0.0319356716834
0.149369234658 0.9144 0.0319653112134
0.151954110944 0.9144 0.0319856726676
0.154529011589 0.9144 0.0320053365571
0.157105307363 0.9144 0.0320050491656
0.159680905573 0.9144 0.0320147374145
0.162257201347 0.9144 0.032014450023
0.164844170327 0.9144 0.0320048845557
0.167421163666 0.9144 0.0319946215237
0.16999885457 0.9144 0.0319743828512
0.172577243039 0.9144 0.0319441685381
0.175154933942 0.9144 0.0319239298656
0.177734019976 0.9144 0.0318837399121
0.180313106009 0.9144 0.0318435499585
0.182882216402 0.9144 0.0318026624403
0.185462 0.9144 0.0317524968462
0.188041783598 0.9144 0.0317023312522
0.190622264761 0.9144 0.0316421900176
0.193192770284 0.9144 0.0315813512184
0.195773949011 0.9144 0.0315112343433
0.198355127739 0.9144 0.0314411174683
0.200926330826 0.9144 0.0313703030285
0.203508207118 0.9144 0.031290210513
0.20608010777 0.9144 0.0312094204327
0.208662681627 0.9144 0.0311193522766
0.211235279844 0.9144 0.0310285865558
0.21380787806 0.9144 0.0309378208351
0.216391149482 0.9144 0.0308377770385
0.218964445264 0.9144 0.0307370356772
0.22153843861 0.9144 0.0306263186754
0.224112431956 0.9144 0.0305156016736
0.226696400942 0.9144 0.0304055822366
0.229270394288 0.9144 0.0302948652348
0.231845085199 0.9144 0.0301741725925
0.234420473675 0.9144 0.0300435043097
0.236995164585 0.9144 0.0299228116674
0.239570553061 0.9144 0.0297921433846
0.242145941536 0.9144 0.0296614751018
0.244722027577 0.9144 0.0295208311785
0.247288137976 0.9144 0.0293794896905
0.249864224017 0.9144 0.0292388457672
0.252440310057 0.9144 0.0290982018439
0.255017093662 0.9144 0.0289475822801
0.257583901626 0.9144 0.0287962651515
0.260160685231 0.9144 0.0286456455877
0.262738166401 0.9144 0.0284850503834
0.26530567193 0.9144 0.0283237576144
0.2678831531 0.9144 0.0281631624101
0.270450658629 0.9144 0.0280018696411
0.273028837364 0.9144 0.0278312987963
0.275597040458 0.9144 0.0276600303867
0.278175219192 0.9144 0.0274894595419
0.280744119851 0.9144 0.0273082154919
0.283312322945 0.9144 0.0271369470823
0.285891199244 0.9144 0.026956400597
0.288460099903 0.9144 0.026775156547
0.291029698126 0.9144 0.0265839368564
0.293598598785 0.9144 0.0264026928064
0.296178172649 0.9144 0.0262121706806
0.298747770872 0.9144 0.02602095099
0.301318066661 0.9144 0.025819755659
0.303887664884 0.9144 0.0256285359684
0.306457960672 0.9144 0.0254273406374
0.30902825646 0.9144 0.0252261453063
0.311598552249 0.9144 0.0250249499753
0.314169545602 0.9144 0.0248137790037
0.31673984139 0.9144 0.0246125836726
0.319310834743 0.9144 0.0244014127011
0.321881828096 0.9144 0.0241902417295
0.324442845808 0.9144 0.0239783731932
0.327014536726 0.9144 0.0237572265812
0.329585530079 0.9144 0.0235460556096
0.332157220996 0.9144 0.0233249089976
0.334718936273 0.9144 0.0231030648208
0.337290627191 0.9144 0.0228819182087
0.339863015673 0.9144 0.0226507959562
0.342424730951 0.9144 0.0224289517794
0.344997119433 0.9144 0.0221978295268
0.347559532275 0.9144 0.0219660097095
0.350131920757 0.9144 0.021734887457
0.352694333599 0.9144 0.0215030676397
0.355267419646 0.9144 0.0212619697466
0.357830530053 0.9144 0.0210201742888
0.3604036161 0.9144 0.0207790763957
0.362966726507 0.9144 0.0205372809379
0.365529836913 0.9144 0.0202954854801
0.368102922961 0.9144 0.0200543875871
0.370666730932 0.9144 0.0198026164888
0.373229841339 0.9144 0.019560821031
0.37579364931 0.9144 0.0193090499327
0.378367432922 0.9144 0.0190579763991
0.380931240893 0.9144 0.0188062053008
0.383495746429 0.9144 0.018544458562
0.386059554401 0.9144 0.0182926874637
0.388624059937 0.9144 0.0180309407249
0.391188565473 0.9144 0.0177691939861
0.393753071009 0.9144 0.0175074472473
0.396317576545 0.9144 0.0172457005085
0.398882779646 0.9144 0.0169739781292
0.401447285182 0.9144 0.0167122313904
0.404012488283 0.9144 0.0164405090111
0.406577691384 0.9144 0.0161687866318
0.409142894485 0.9144 0.0158970642525
0.411708097585 0.9144 0.0156253418732
0.414273300686 0.9144 0.0153536194938
0.416829225711 0.9144 0.0150712239093
0.419394428812 0.9144 0.01479950153
0.421960329478 0.9144 0.0145178035102
0.424516254503 0.9144 0.0142354079256
0.427082155168 0.9144 0.0139537099058
0.429648753399 0.9144 0.0136620362455
0.432204678424 0.9144 0.013379640661
0.434771276654 0.9144 0.0130879670007
0.437327201679 0.9144 0.0128055714161
0.43989379991 0.9144 0.0125138977558
0.442450422499 0.9144 0.0122215265307
0.445017718294 0.9144 0.0119198772299
0.447574340884 0.9144 0.0116275060049
0.450141636679 0.9144 0.0113258567041
0.452698259269 0.9144 0.011033485479
0.455255579424 0.9144 0.0107311386135
0.457822875219 0.9144 0.0104294893127
0.460380892938 0.9144 0.0101171668066
0.462938213093 0.9144 0.00981481994105
0.465496230812 0.9144 0.00950249743499
0.468063526607 0.9144 0.00920084813418
0.470621544326 0.9144 0.00888852562812
0.473179562045 0.9144 0.00857620312207
0.475738277329 0.9144 0.00825390497551
0.478296295049 0.9144 0.00794158246946
0.480855010333 0.9144 0.0076192843229
0.483413028052 0.9144 0.00730696181684
0.485971743336 0.9144 0.00698466367029
0.48853045862 0.9144 0.00666236552373
0.491089871469 0.9144 0.00633009173667
0.493638611112 0.9144 0.00600709602538
0.496198023961 0.9144 0.00567482223832
0.49875743681 0.9144 0.00534254845126
0.501316849659 0.9144 0.0050102746642
0.503866286867 0.9144 0.0046773033124
0.506425699716 0.9144 0.00434502952534
0.508985810129 0.9144 0.00400278009778
0.511535944902 0.9144 0.00365983310548
0.514096055316 0.9144 0.00331758367791
0.516646190089 0.9144 0.00297463668561
0.519206300502 0.9144 0.00263238725805
0.52175713284 0.9144 0.00227946462525
0.524307267613 0.9144 0.00193651763295
0.526868075591 0.9144 0.00158429256488
0.529418907929 0.9144 0.00123136993208
0.531069352097 0.9144 0.000995925566694
0.532101516288 0.9144 0.000857588719358
0.532749723186 0.9144 0.000762573895518
0.533144353684 0.9144 0.000709973796257
0.533397930084 0.9144 0.000667559071678
0.533404208167 0.9144 0.000577778307154
0.533399813045 0.9144 0.000497275618396
0.533396115487 0.9144 0.000406797289135
0.533402393569 0.9144 0.000317016524612
0.533398696011 0.9144 0.000226538195351
0.533394998454 0.9144 0.00013605986609
0.533401276536 0.9144 4.62791015668e-05
0.533397578978 0.9144 -4.4199227694e-05

ZONE T="SLICE_Y_0p9144_BINS15_KS_0p5334mm_SINGLE_LAYER"
0.533397578978 0.9144 -4.4199227694e-05
0.533403857061 0.9144 -0.000133979992217
0.533400159503 0.9144 -0.000224458321478
0.533396461945 0.9144 -0.000314936650739
0.533402740028 0.9144 -0.000404717415262
0.53339904247 0.9144 -0.000495195744523
0.533395344912 0.9144 -0.000585674073784
0.533401622995 0.9144 -0.000675454838307
0.533152929547 0.9144 -0.000702869597246
0.532746020981 0.9144 -0.000761396672989
0.532101092172 0.9144 -0.000856616583436
0.531068508512 0.9144 -0.000998992799648
0.529420225401 0.9144 -0.00122452059159
0.526869041957 0.9144 -0.00158335625816
0.524327136589 0.9144 -0.00193151871949
0.521775255581 0.9144 -0.00228037874556
0.519223374572 0.9144 -0.00262923877162
0.516671493563 0.9144 -0.00297809879769
0.51411891499 0.9144 -0.00331698318325
0.511566336417 0.9144 -0.00365586756882
0.509013757843 0.9144 -0.00399475195438
0.50646117927 0.9144 -0.00433363633995
0.503908600696 0.9144 -0.00467252072551
0.501356022123 0.9144 -0.00501140511107
0.498802745985 0.9144 -0.00534031385613
0.496249469847 0.9144 -0.0056692226012
0.493696193709 0.9144 -0.00599813134626
0.491142917571 0.9144 -0.00632704009132
0.488588943868 0.9144 -0.00664597319588
0.48603566773 0.9144 -0.00697488194094
0.483481694027 0.9144 -0.0072938150455
0.480927720324 0.9144 -0.00761274815006
0.478373746621 0.9144 -0.00793168125462
0.475819772918 0.9144 -0.00825061435917
0.473265101651 0.9144 -0.00855957182323
0.470711127948 0.9144 -0.00887850492779
0.46815645668 0.9144 -0.00918746239185
0.465601785413 0.9144 -0.0094964198559
0.463047114145 0.9144 -0.00980537731996
0.460491745313 0.9144 -0.0101043591435
0.457937074045 0.9144 -0.0104133166076
0.455371729572 0.9144 -0.0107129959959
0.45281636074 0.9144 -0.0110119778194
0.450260991908 0.9144 -0.011310959643
0.447705623075 0.9144 -0.0116099414665
0.445150254243 0.9144 -0.0119089232901
0.442594187846 0.9144 -0.0121979294731
0.440028843373 0.9144 -0.0124976088614
0.437472776976 0.9144 -0.0127866150445
0.434916710579 0.9144 -0.0130756212275
0.432360644182 0.9144 -0.0133646274106
0.429804577785 0.9144 -0.0136536335936
0.427237838183 0.9144 -0.0139333617009
0.424681074221 0.9144 -0.0142123922435
0.422125007824 0.9144 -0.0145013984265
0.419568243862 0.9144 -0.0147804289691
0.4170114799 0.9144 -0.0150594595116
0.414444042733 0.9144 -0.0153292119784
0.411887278771 0.9144 -0.0156082425209
0.409329817245 0.9144 -0.015877297423
0.406773053283 0.9144 -0.0161563279655
0.404205616116 0.9144 -0.0164260804323
0.40164815459 0.9144 -0.0166951353344
0.399089995498 0.9144 -0.0169542145959
0.396522558331 0.9144 -0.0172239670627
0.39396439924 0.9144 -0.0174830463242
0.391406937713 0.9144 -0.0177521012263
0.388848778622 0.9144 -0.0180111804878
0.38628064389 0.9144 -0.0182709573141
0.383721787234 0.9144 -0.0185200609351
0.381163628143 0.9144 -0.0187791401967
0.378594795847 0.9144 -0.0190289413825
0.376036636755 0.9144 -0.019288020644
0.373477780099 0.9144 -0.019537124265
0.370908947803 0.9144 -0.0197869254508
0.368349393582 0.9144 -0.0200260534314
0.365790536926 0.9144 -0.0202751570524
0.363221007065 0.9144 -0.0205149825977
0.360662150409 0.9144 -0.0207640862187
0.358102596188 0.9144 -0.0210032141993
0.355532368762 0.9144 -0.021233064104
0.352972814541 0.9144 -0.0214721920846
0.350413260321 0.9144 -0.0217113200651
0.347843032895 0.9144 -0.0219411699699
0.345282781109 0.9144 -0.0221703223099
0.342712553683 0.9144 -0.0224001722147
0.340152301898 0.9144 -0.0226293245547
0.337591352548 0.9144 -0.0228485012542
0.335021125122 0.9144 -0.023078351159
0.332460175771 0.9144 -0.0232975278586
0.329889250781 0.9144 -0.0235174021228
0.32732830143 0.9144 -0.0237365788224
0.324766654515 0.9144 -0.0239457798814
0.322195729525 0.9144 -0.0241656541457
0.31963408261 0.9144 -0.0243748552047
0.317062460054 0.9144 -0.0245847538285
0.314500813139 0.9144 -0.0247939548875
0.31193846866 0.9144 -0.024993180306
0.309366846104 0.9144 -0.0252030789298
0.306804501624 0.9144 -0.0254023043483
0.304232181504 0.9144 -0.0256022273316
0.30166913946 0.9144 -0.0257914771096
0.29910679498 0.9144 -0.0259907025281
0.296533777295 0.9144 -0.0261806498709
0.293970735251 0.9144 -0.0263698996489
0.291397717566 0.9144 -0.0265598469917
0.288834675521 0.9144 -0.0267490967697
0.286260960272 0.9144 -0.026929068472
0.283697220663 0.9144 -0.0271083426095
0.281133481053 0.9144 -0.027287616747
0.278559068239 0.9144 -0.0274576128088
0.27599532863 0.9144 -0.0276368869463
0.273420915815 0.9144 -0.027806883008
0.270856478642 0.9144 -0.0279761815051
0.268281368262 0.9144 -0.0281362019263
0.265716233524 0.9144 -0.0282955247828
0.263151098785 0.9144 -0.0284548476394
0.260575988406 0.9144 -0.0286148680606
0.258010853667 0.9144 -0.0287741909171
0.255435045723 0.9144 -0.0289242356979
0.25286921342 0.9144 -0.0290735829139
0.250302683552 0.9144 -0.0292129544894
0.247726875608 0.9144 -0.0293629992702
0.24516034574 0.9144 -0.0295023708457
0.242583142667 0.9144 -0.0296324643454
0.240016612798 0.9144 -0.0297718359209
0.237449385366 0.9144 -0.0299012318559
0.234871484728 0.9144 -0.0300213497152
0.232304257295 0.9144 -0.0301507456502
0.229726356657 0.9144 -0.0302708635094
0.227158431659 0.9144 -0.0303902838039
0.224589809097 0.9144 -0.0304997284579
0.222011210894 0.9144 -0.0306098706767
0.219442588331 0.9144 -0.0307193153307
0.216873268204 0.9144 -0.0308187843442
0.214303948077 0.9144 -0.0309182533577
0.21172465231 0.9144 -0.0310184199359
0.209154634618 0.9144 -0.0311079133089
0.206583919361 0.9144 -0.0311874310414
0.204003926029 0.9144 -0.0312776219792
0.201433210773 0.9144 -0.0313571397117
0.198861797951 0.9144 -0.0314266818037
0.196291082695 0.9144 -0.0315061995362
0.193718972309 0.9144 -0.0315657659876
0.191137583847 0.9144 -0.0316360056444
0.188564775896 0.9144 -0.0316855964554
0.18599266551 0.9144 -0.0317451629069
0.183419857559 0.9144 -0.0317947537178
0.180846352044 0.9144 -0.0318343688883
0.178272846528 0.9144 -0.0318739840588
0.175699341013 0.9144 -0.0319135992293
0.173125137933 0.9144 -0.0319432387593
0.170550237288 0.9144 -0.0319629026488
0.167975336643 0.9144 -0.0319825665382
0.165400435998 0.9144 -0.0320022304277
0.162824837788 0.9144 -0.0320119186767
0.160258517654 0.9144 -0.0320109337204
0.15768222188 0.9144 -0.0320106463289
0.155105228541 0.9144 -0.0320003832969
0.152528235201 0.9144 -0.0319901202649
0.149960519938 0.9144 -0.0319691840276
0.147382829034 0.9144 -0.0319489453551
0.14480513813 0.9144 -0.0319287066825
0.142237422867 0.9144 -0.0319077704453
0.139658336833 0.9144 -0.0318675804917
0.137089924005 0.9144 -0.031836668614
0.134510140407 0.9144 -0.0317865030199
0.131940332449 0.9144 -0.0317356398612
0.129360548851 0.9144 -0.0316854742671
0.126790043329 0.9144 -0.0316246354678
0.124218840242 0.9144 -0.0315538210281
0.121647637155 0.9144 -0.0314830065883
0.119065063298 0.9144 -0.0313929384322
0.116493162646 0.9144 -0.0313121483519
0.113919866864 0.9144 -0.0312114069907
0.111326619802 0.9144 -0.0311120607588
0.108853080426 0.9144 -0.0310043437502
0.1064999463 0.9144 -0.0308982316052
0.104257241785 0.9144 -0.0307944218886
0.102124269315 0.9144 -0.0306829389598
0.100091750815 0.9144 -0.0305744560242
0.09816038385 0.9144 -0.0304789487223
0.0963081244438 0.9144 -0.0303678852619
0.0945570165721 0.9144 -0.0302697974351
0.0928857138245 0.9144 -0.0301661290905
0.0912949137656 0.9144 -0.0300668558685
0.0897739431902 0.9144 -0.0299626996933
0.0883334753036 0.9144 -0.0298629386407
0.0868830317764 0.9144 -0.0297638751528
0.0854425638898 0.9144 -0.0296641141002
0.0840020960032 0.9144 -0.0295643530476
0.0825609305519 0.9144 -0.0294546163545
0.08110978946 0.9144 -0.0293455772261
0.0796686240086 0.9144 -0.029235840533
0.0782274585573 0.9144 -0.0291261038399
0.0767855955412 0.9144 -0.0290063915063
0.0753337568846 0.9144 -0.0288873767375
0.0738911963037 0.9144 -0.0287576887634
0.0724486357229 0.9144 -0.0286280007893
0.0710060751421 0.9144 -0.0284983128152
0.0695635145613 0.9144 -0.028368624841
0.0681302320562 0.9144 -0.0282282636617
0.0666876714754 0.9144 -0.0280985756876
0.0652444133298 0.9144 -0.027958912073
0.0638011551842 0.9144 -0.0278192484584
0.0623571994739 0.9144 -0.0276696092033
0.0609132437636 0.9144 -0.0275199699482
0.0594692880533 0.9144 -0.027370330693
0.0580246347782 0.9144 -0.0272107157974
0.0565899571437 0.9144 -0.0270504033371
0.0551453038687 0.9144 -0.0268907884415
0.0536999530289 0.9144 -0.0267211979054
0.0522638802649 0.9144 -0.026540934164
0.0508185294251 0.9144 -0.0263713436279
0.0493831542258 0.9144 -0.026201055527
0.047937803386 0.9144 -0.0260314649909
0.0464917549815 0.9144 -0.0258518988143
0.0450556822175 0.9144 -0.0256716350729
0.043609633813 0.9144 -0.0254920688963
0.0421628878437 0.9144 -0.0253025270792
0.0407154443097 0.9144 -0.0251030096216
0.0392786739809 0.9144 -0.0249127702397
0.0378305328822 0.9144 -0.0247032771416
0.0363830893482 0.9144 -0.024503759684
0.0349349482495 0.9144 -0.0242942665858
0.0334960852265 0.9144 -0.0240741002825
0.032058617333 0.9144 -0.0238738852601
0.0306204518748 0.9144 -0.0236636945972
0.0291723107761 0.9144 -0.0234542014991
0.0277141940368 0.9144 -0.0232454059657
0.0262560772976 0.9144 -0.0230366104323
0.0248385606851 0.9144 -0.0228350002805
0.0234094635685 0.9144 -0.0227544929442
0.0223258163115 0.9144 -0.0227400491713
0.0213271352282 0.9144 -0.0230805430681
0.0202351855566 0.9144 -0.023377436845
0.0189622108643 0.9144 -0.0232358902704
0.0165453156038 0.9144 -0.0233647983748
0.014059010328 0.9144 -0.0232178763689
0.0118656961847 0.9144 -0.0229602466563
0.00979202136525 0.9144 -0.022263200931
0.00800694255562 0.9144 -0.0215359501879
0.00634547872407 0.9144 -0.0205694938069
0.00483155680584 0.9144 -0.0195626470333
0.00338906923478 0.9144 -0.0184305120557
0.00202220139931 0.9144 -0.0172329427173
0.00073304599366 0.9144 -0.0159998659394
-0.000421543132298 0.9144 -0.0148275503035
-0.00147588802267 0.9144 -0.0137985911925
-0.00240515444329 0.9144 -0.0129814229604
-0.00324764009252 0.9144 -0.0122584306155
-0.0040017401067 0.9144 -0.0115092089069
-0.00471384486465 0.9144 -0.0107871238609
-0.00541876424105 0.9144 -0.0100244386881
-0.00616198131581 0.9144 -0.00914413852351
-0.00685511045388 0.9144 -0.00811999400345
-0.00765057652174 0.9144 -0.00692256603698
-0.00837370094352 0.9144 -0.00546946897532
-0.00913330846582 0.9144 -0.00363799513929
-0.00954125640796 0.9144 -0.00153132039541
-0.00964442297933 0.9144 0.0009475214024
-0.00908040703232 0.9144 0.00363340785039
-0.00784572074325 0.9144 0.00647646074606
-0.00579017331181 0.9144 0.00890576615237
-0.00432437871289 0.9144 0.0100207308127
-0.00304575049293 0.9144 0.0108018261175
-0.00173021970408 0.9144 0.0114852577114
-0.000415108383593 0.9144 0.0118879762418
0.000751343990473 0.9144 0.0119795669566
0.0015869953643 0.9144 0.0119277327843
0.00262843763082 0.9144 0.0118000691422
0.0037635679539 0.9144 0.0119095184437
0.00502210352088 0.9144 0.0121178168514
0.00636553689922 0.9144 0.0124022228253
0.00776394116742 0.9144 0.0127606436711
0.00915955517666 0.9144 0.0131589670788
0.0105437984159 0.9144 0.0135765442029
0.011925948961 0.9144 0.0140240482485
0.0132974263008 0.9144 0.0144808303698
0.0146689036406 0.9144 0.0149376124911
0.0160311029047 0.9144 0.0153837214072
0.0174032778092 0.9144 0.0158305278881
0.0187640819438 0.9144 0.0162965880852
0.0201234909489 0.9144 0.0167825995633
0.0214729243135 0.9144 0.0172679134767
0.0228337284481 0.9144 0.0177339736738
0.0242052057879 0.9144 0.0181907557951
0.0255681026167 0.9144 0.0186268890707
0.0269523458559 0.9144 0.0190444661947
0.0283273110195 0.9144 0.0194513701136
0.0297129493882 0.9144 0.0198489959566
0.0310999828864 0.9144 0.0202266705187
0.0324877139494 0.9144 0.0205943694402
0.0338861182176 0.9144 0.020952790286
0.0352852200505 0.9144 0.0213012354913
0.0366850194482 0.9144 0.0216397050561
0.0380855164106 0.9144 0.0219681989803
0.0394867109377 0.9144 0.0222867172641
0.0408886030296 0.9144 0.0225952599074
0.0423011683267 0.9144 0.0228945244749
0.0437037579833 0.9144 0.0231930914777
0.0451177184099 0.9144 0.0234724047642
0.0465316788365 0.9144 0.0237517180507
0.0479463368279 0.9144 0.0240210556967
0.0493616923839 0.9144 0.0242804177022
0.0507777455048 0.9144 0.0245298040672
0.0521937986256 0.9144 0.0247791904321
0.0536105493111 0.9144 0.0250186011566
0.0550272999967 0.9144 0.0252580118811
0.0564547238874 0.9144 0.0254881445299
0.0578728697025 0.9144 0.0257076039733
0.059300991158 0.9144 0.0259277609816
0.0607198345378 0.9144 0.0261372447845
0.0621386779175 0.9144 0.0263467285875
0.0635681945025 0.9144 0.0265469343147
0.0649984086523 0.9144 0.0267371644015
0.0664179495968 0.9144 0.0269366725639
0.0678488613112 0.9144 0.0271169270102
0.0692797730257 0.9144 0.0272971814564
0.0707007090997 0.9144 0.0274767383378
0.0721323183789 0.9144 0.0276470171435
0.0735639276581 0.9144 0.0278172959493
0.074996234502 0.9144 0.0279775991145
0.0764185657055 0.9144 0.0281372047149
0.0778515701142 0.9144 0.0282875322396
0.0792845745229 0.9144 0.0284378597643
0.0807182764963 0.9144 0.0285782116485
0.082151280905 0.9144 0.0287285391732
0.0835757048026 0.9144 0.0288582178522
0.0850094067761 0.9144 0.0289985697364
0.0864438063142 0.9144 0.0291289459801
0.0878789034171 0.9144 0.0292493465833
0.0893133029553 0.9144 0.029379722827
0.0908182295417 0.9144 0.0295050063834
0.0923936831764 0.9144 0.0296251972524
0.0940582200108 0.9144 0.0297616418445
0.0958032595341 0.9144 0.0298936913141
0.097628801746 0.9144 0.0300213456611
0.099554100363 0.9144 0.0301559756554
0.101569877309 0.9144 0.0302869080918
0.103695386301 0.9144 0.0304255137404
0.105921349263 0.9144 0.0305611193959
0.108257741834 0.9144 0.0306944226229
0.110714539657 0.9144 0.0308261209863
0.11329174273 0.9144 0.0309562144861
0.115869643368 0.9144 0.0310763323453
0.118448241571 0.9144 0.031186474564
0.121016864134 0.9144 0.031295919218
0.123596159901 0.9144 0.0313960857963
0.126176153234 0.9144 0.031486276734
0.12874686849 0.9144 0.0315657944665
0.131328256952 0.9144 0.0316360341232
0.133899669773 0.9144 0.0317055762152
0.1364817558 0.9144 0.0317658402315
0.139064539391 0.9144 0.0318161286072
0.141637347342 0.9144 0.0318657194182
0.144210852857 0.9144 0.0319053345887
0.146795031578 0.9144 0.0319356716834
0.149369234658 0.9144 0.0319653112134
0.151954110944 0.9144 0.0319856726676
0.154529011589 0.9144 0.0320053365571
0.157105307363 0.9144 0.0320050491656
0.159680905573 0.9144 0.0320147374145
0.162257201347 0.9144 0.032014450023
0.164844170327 0.9144 0.0320048845557
0.167421163666 0.9144 0.0319946215237
0.16999885457 0.9144 0.0319743828512
0.172577243039 0.9144 0.0319441685381
0.175154933942 0.9144 0.0319239298656
0.177734019976 0.9144 0.0318837399121
0.180313106009 0.9144 0.0318435499585
0.182882216402 0.9144 0.0318026624403
0.185462 0.9144 0.0317524968462
0.188041783598 0.9144 0.0317023312522
0.190622264761 0.9144 0.0316421900176
0.193192770284 0.9144 0.0315813512184
0.195773949011 0.9144 0.0315112343433
0.198355127739 0.9144 0.0314411174683
0.200926330826 0.9144 0.0313703030285
0.203508207118 0.9144 0.031290210513
0.20608010777 0.9144 0.0312094204327
0.208662681627 0.9144 0.0311193522766
0.211235279844 0.9144 0.0310285865558
0.21380787806 0.9144 0.0309378208351
0.216391149482 0.9144 0.0308377770385
0.218964445264 0.9144 0.0307370356772
0.22153843861 0.9144 0.0306263186754
0.224112431956 0.9144 0.0305156016736
0.226696400942 0.9144 0.0304055822366
0.229270394288 0.9144 0.0302948652348
0.231845085199 0.9144 0.0301741725925
0.234420473675 0.9144 0.0300435043097
0.236995164585 0.9144 0.0299228116674
0.239570553061 0.9144 0.0297921433846
0.242145941536 0.9144 0.0296614751018
0.244722027577 0.9144 0.0295208311785
0.247288137976 0.9144 0.0293794896905
0.249864224017 0.9144 0.0292388457672
0.252440310057 0.9144 0.0290982018439
0.255017093662 0.9144 0.0289475822801
0.257583901626 0.9144 0.0287962651515
0.260160685231 0.9144 0.0286456455877
0.262738166401 0.9144 0.0284850503834
0.26530567193 0.9144 0.0283237576144
0.2678831531 0.9144 0.0281631624101
0.270450658629 0.9144 0.0280018696411
0.273028837364 0.9144 0.0278312987963
0.275597040458 0.9144 0.0276600303867
0.278175219192 0.9144 0.0274894595419
0.280744119851 0.9144 0.0273082154919
0.283312322945 0.9144 0.0271369470823
0.285891199244 0.9144 0.026956400597
0.288460099903 0.9144 0.026775156547
0.291029698126 0.9144 0.0265839368564
0.293598598785 0.9144 0.0264026928064
0.296178172649 0.9144 0.0262121706806
0.298747770872 0.9144 0.02602095099
0.301318066661 0.9144 0.025819755659
0.303887664884 0.9144 0.0256285359684
0.306457960672 0.9144 0.0254273406374
0.30902825646 0.9144 0.0252261453063
0.311598552249 0.9144 0.0250249499753
0.314169545602 0.9144 0.0248137790037
0.31673984139 0.9144 0.0246125836726
0.319310834743 0.9144 0.0244014127011
0.321881828096 0.9144 0.0241902417295
0.324442845808 0.9144 0.0239783731932
0.327014536726 0.9144 0.0237572265812
0.329585530079 0.9144 0.0235460556096
0.332157220996 0.9144 0.0233249089976
0.334718936273 0.9144 0.0231030648208
0.337290627191 0.9144 0.0228819182087
0.339863015673 0.9144 0.0226507959562
0.342424730951 0.9144 0.0224289517794
0.344997119433 0.9144 0.0221978295268
0.347559532275 0.9144 0.0219660097095
0.350131920757 0.9144 0.021734887457
0.352694333599 0.9144 0.0215030676397
0.355267419646 0.9144 0.0212619697466
0.357830530053 0.9144 0.0210201742888
0.3604036161 0.9144 0.0207790763957
0.362966726507 0.9144 0.0205372809379
0.365529836913 0.9144 0.0202954854801
0.368102922961 0.9144 0.0200543875871
0.370666730932 0.9144 0.0198026164888
0.373229841339 0.9144 0.019560821031
0.37579364931 0.9144 0.0193090499327
0.378367432922 0.9144 0.0190579763991
0.380931240893 0.9144 0.0188062053008
0.383495746429 0.9144 0.018544458562
0.386059554401 0.9144 0.0182926874637
0.388624059937 0.9144 0.0180309407249
0.391188565473 0.9144 0.0177691939861
0.393753071009 0.9144 0.0175074472473
0.396317576545 0.9144 0.0172457005085
0.398882779646 0.9144 0.0169739781292
0.401447285182 0.9144 0.0167122313904
0.404012488283 0.9144 0.0164405090111
0.406577691384 0.9144 0.0161687866318
0.409142894485 0.9144 0.0158970642525
0.411708097585 0.9144 0.0156253418732
0.414273300686 0.9144 0.0153536194938
0.416829225711 0.9144 0.0150712239093
0.419394428812 0.9144 0.01479950153
0.421960329478 0.9144 0.0145178035102
0.424516254503 0.9144 0.0142354079256
0.427082155168 0.9144 0.0139537099058
0.429648753399 0.9144 0.0136620362455
0.432204678424 0.9144 0.013379640661
0.434771276654 0.9144 0.0130879670007
0.437327201679 0.9144 0.0128055714161
0.43989379991 0.9144 0.0125138977558
0.442450422499 0.9144 0.0122215265307
0.445017718294 0.9144 0.0119198772299
0.447574340884 0.9144 0.0116275060049
0.450141636679 0.9144 0.0113258567041
0.452698259269 0.9144 0.011033485479
0.455255579424 0.9144 0.0107311386135
0.457822875219 0.9144 0.0104294893127
0.460380892938 0.9144 0.0101171668066
0.462938213093 0.9144 0.00981481994105
0.465496230812 0.9144 0.00950249743499
0.468063526607 0.9144 0.00920084813418
0.470621544326 0.9144 0.00888852562812
0.473179562045 0.9144 0.00857620312207
0.475738277329 0.9144 0.00825390497551
0.478296295049 0.9144 0.00794158246946
0.480855010333 0.9144 0.0076192843229
0.483413028052 0.9144 0.00730696181684
0.485971743336 0.9144 0.00698466367029
0.48853045862 0.9144 0.00666236552373
0.491089871469 0.9144 0.00633009173667
0.493638611112 0.9144 0.00600709602538
0.496198023961 0.9144 0.00567482223832
0.49875743681 0.9144 0.00534254845126
0.501316849659 0.9144 0.0050102746642
0.503866286867 0.9144 0.0046773033124
0.506425699716 0.9144 0.00434502952534
0.508985810129 0.9144 0.00400278009778
0.511535944902 0.9144 0.00365983310548
0.514096055316 0.9144 0.00331758367791
0.516646190089 0.9144 0.00297463668561
0.519206300502 0.9144 0.00263238725805
0.52175713284 0.9144 0.00227946462525
0.524307267613 0.9144 0.00193651763295
0.526868075591 0.9144 0.00158429256488
0.529418907929 0.9144 0.00123136993208
0.531069352097 0.9144 0.000995925566694
0.532101516288 0.9144 0.000857588719358
0.532749723186 0.9144 0.000762573895518
0.533144353684 0.9144 0.000709973796257
0.533397930084 0.9144 0.000667559071678
0.533404208167 0.9144 0.000577778307154
0.533399813045 0.9144 0.000497275618396
0.533396115487 0.9144 0.000406797289135
0.533402393569 0.9144 0.000317016524612
0.533398696011 0.9144 0.000226538195351
0.533394998454 0.9144 0.00013605986609
0.533401276536 0.9144 4.62791015668e-05
0.533397578978 0.9144 -4.4199227694e-05
