#+++++++++++++++++++++++++++++++++++++++++++++++++++++++++++++++++++++++++++++++++++++++++++++++++++++++++++++++++++++++++++++++++
#
#   IPW-3 Final Ice Shape DATA SUBMITTAL FORM for Test Case NACA0012_AE3933, May 18th 2026
#
#       NOMENCLATURE:
#             X_ICED [m]:  X-coordinate of the iced surface
#             Y_ICED [m]:  Y-coordinate of the iced surface
#             Z_ICED [m]:  Z-coordinate of the iced surface
#
#                XXmm:  Roughness height used for the case, in mm.
#                       In the zone name, use the format KS_XXmm.
#                       For example, if k_s = 1.5 mm, use KS_1p5mm. 
#                       For Variable roughness, use KS_VAR
#
#    FLOW CONDITIONS:
#                                   AOA: 4.0 deg
#                           Mach Number: 0.3127 [-]
#       Mean aerodynamic chord (M.A.C.): 0.5334 [m]
#                       Reynolds Number: 3.8947 million (based on MAC)
#                       Freestream Temp: 270.95 [K]
#                        Reference area: 0.97548 [m2]
#               Moment Reference Center: 0.13335, 0, 0 [m] (X, Y, Z)
#
#    ICING CONDITIONS:
#                           Icing Time: 420 [s]
#                                  LWC: 0.55 [g/m3]
#                                  MVD: 20 [μm]
#
#              NOTES: 1. Please use at least 5 decimal places in the numerical values
#                     2. If data are NOT provided, please fill data fields with a numerical value of "-999" 
#
#++++++++++++++++++++++++++++++++++++++++++++++++++++++++++++++++++++++++++++++++++++++++++++++++++++++++++++++++++++

AUXDATA NUM_LAYERS  = "insert the number of total ice layers"
                                              
VARIABLES = "X_ICED" "Y_ICED" "Z_ICED"

ZONE T="SLICE_Y_0p9144_BINS01_KS_0p5mm_SINGLE_LAYER"
0.53242 0.91440 -0.02795 
0.53242 0.91440 -0.02804 
0.53241 0.91440 -0.02813 
0.53240 0.91440 -0.02822 
0.53240 0.91440 -0.02831 
0.53239 0.91440 -0.02840 
0.53238 0.91440 -0.02849 
0.53238 0.91440 -0.02858 
0.53213 0.91440 -0.02859 
0.53172 0.91440 -0.02862 
0.53107 0.91440 -0.02867 
0.53003 0.91440 -0.02874 
0.52837 0.91440 -0.02885 
0.52580 0.91440 -0.02903 
0.52324 0.91440 -0.02920 
0.52067 0.91440 -0.02937 
0.51810 0.91440 -0.02954 
0.51553 0.91440 -0.02971 
0.51296 0.91440 -0.02987 
0.51039 0.91440 -0.03003 
0.50782 0.91440 -0.03019 
0.50525 0.91440 -0.03035 
0.50268 0.91440 -0.03051 
0.50011 0.91440 -0.03067 
0.49754 0.91440 -0.03082 
0.49497 0.91440 -0.03097 
0.49240 0.91440 -0.03112 
0.48983 0.91440 -0.03127 
0.48726 0.91440 -0.03141 
0.48469 0.91440 -0.03156 
0.48212 0.91440 -0.03170 
0.47955 0.91440 -0.03184 
0.47698 0.91440 -0.03198 
0.47441 0.91440 -0.03212 
0.47184 0.91440 -0.03225 
0.46927 0.91440 -0.03239 
0.46670 0.91440 -0.03252 
0.46413 0.91440 -0.03265 
0.46156 0.91440 -0.03278 
0.45899 0.91440 -0.03290 
0.45642 0.91440 -0.03303 
0.45384 0.91440 -0.03315 
0.45127 0.91440 -0.03327 
0.44870 0.91440 -0.03339 
0.44613 0.91440 -0.03351 
0.44356 0.91440 -0.03363 
0.44099 0.91440 -0.03374 
0.43841 0.91440 -0.03386 
0.43584 0.91440 -0.03397 
0.43327 0.91440 -0.03408 
0.43070 0.91440 -0.03419 
0.42813 0.91440 -0.03430 
0.42555 0.91440 -0.03440 
0.42298 0.91440 -0.03450 
0.42041 0.91440 -0.03461 
0.41784 0.91440 -0.03471 
0.41527 0.91440 -0.03481 
0.41269 0.91440 -0.03490 
0.41012 0.91440 -0.03500 
0.40755 0.91440 -0.03509 
0.40498 0.91440 -0.03519 
0.40240 0.91440 -0.03528 
0.39983 0.91440 -0.03537 
0.39726 0.91440 -0.03545 
0.39468 0.91440 -0.03554 
0.39211 0.91440 -0.03562 
0.38954 0.91440 -0.03571 
0.38697 0.91440 -0.03579 
0.38439 0.91440 -0.03587 
0.38182 0.91440 -0.03594 
0.37925 0.91440 -0.03602 
0.37667 0.91440 -0.03609 
0.37410 0.91440 -0.03617 
0.37153 0.91440 -0.03624 
0.36895 0.91440 -0.03631 
0.36638 0.91440 -0.03637 
0.36381 0.91440 -0.03644 
0.36123 0.91440 -0.03650 
0.35866 0.91440 -0.03657 
0.35609 0.91440 -0.03663 
0.35351 0.91440 -0.03668 
0.35094 0.91440 -0.03674 
0.34837 0.91440 -0.03680 
0.34579 0.91440 -0.03685 
0.34322 0.91440 -0.03690 
0.34064 0.91440 -0.03695 
0.33807 0.91440 -0.03700 
0.33550 0.91440 -0.03704 
0.33292 0.91440 -0.03709 
0.33035 0.91440 -0.03713 
0.32777 0.91440 -0.03717 
0.32520 0.91440 -0.03721 
0.32263 0.91440 -0.03724 
0.32005 0.91440 -0.03728 
0.31748 0.91440 -0.03731 
0.31490 0.91440 -0.03734 
0.31233 0.91440 -0.03737 
0.30976 0.91440 -0.03739 
0.30718 0.91440 -0.03742 
0.30461 0.91440 -0.03744 
0.30203 0.91440 -0.03746 
0.29946 0.91440 -0.03747 
0.29689 0.91440 -0.03749 
0.29431 0.91440 -0.03750 
0.29174 0.91440 -0.03751 
0.28916 0.91440 -0.03752 
0.28659 0.91440 -0.03753 
0.28401 0.91440 -0.03753 
0.28144 0.91440 -0.03753 
0.27887 0.91440 -0.03753 
0.27629 0.91440 -0.03752 
0.27372 0.91440 -0.03752 
0.27114 0.91440 -0.03751 
0.26857 0.91440 -0.03750 
0.26599 0.91440 -0.03748 
0.26342 0.91440 -0.03746 
0.26085 0.91440 -0.03744 
0.25827 0.91440 -0.03742 
0.25570 0.91440 -0.03740 
0.25312 0.91440 -0.03737 
0.25055 0.91440 -0.03734 
0.24798 0.91440 -0.03730 
0.24540 0.91440 -0.03727 
0.24283 0.91440 -0.03723 
0.24025 0.91440 -0.03718 
0.23768 0.91440 -0.03714 
0.23511 0.91440 -0.03709 
0.23253 0.91440 -0.03703 
0.22996 0.91440 -0.03698 
0.22738 0.91440 -0.03692 
0.22481 0.91440 -0.03686 
0.22224 0.91440 -0.03679 
0.21966 0.91440 -0.03672 
0.21709 0.91440 -0.03665 
0.21452 0.91440 -0.03657 
0.21195 0.91440 -0.03649 
0.20937 0.91440 -0.03641 
0.20680 0.91440 -0.03632 
0.20423 0.91440 -0.03622 
0.20165 0.91440 -0.03613 
0.19908 0.91440 -0.03603 
0.19651 0.91440 -0.03592 
0.19394 0.91440 -0.03582 
0.19137 0.91440 -0.03570 
0.18879 0.91440 -0.03559 
0.18622 0.91440 -0.03546 
0.18365 0.91440 -0.03534 
0.18108 0.91440 -0.03521 
0.17851 0.91440 -0.03507 
0.17594 0.91440 -0.03493 
0.17337 0.91440 -0.03479 
0.17080 0.91440 -0.03464 
0.16823 0.91440 -0.03448 
0.16566 0.91440 -0.03432 
0.16309 0.91440 -0.03416 
0.16052 0.91440 -0.03399 
0.15796 0.91440 -0.03381 
0.15539 0.91440 -0.03363 
0.15282 0.91440 -0.03344 
0.15025 0.91440 -0.03325 
0.14769 0.91440 -0.03305 
0.14512 0.91440 -0.03285 
0.14255 0.91440 -0.03263 
0.13999 0.91440 -0.03242 
0.13743 0.91440 -0.03219 
0.13486 0.91440 -0.03196 
0.13230 0.91440 -0.03172 
0.12974 0.91440 -0.03148 
0.12717 0.91440 -0.03123 
0.12461 0.91440 -0.03097 
0.12205 0.91440 -0.03070 
0.11949 0.91440 -0.03043 
0.11693 0.91440 -0.03015 
0.11438 0.91440 -0.02986 
0.11182 0.91440 -0.02956 
0.10924 0.91440 -0.02925 
0.10679 0.91440 -0.02894 
0.10445 0.91440 -0.02865 
0.10222 0.91440 -0.02836 
0.10011 0.91440 -0.02808 
0.09809 0.91440 -0.02780 
0.09617 0.91440 -0.02754 
0.09434 0.91440 -0.02728 
0.09260 0.91440 -0.02702 
0.09095 0.91440 -0.02678 
0.08937 0.91440 -0.02654 
0.08787 0.91440 -0.02631 
0.08644 0.91440 -0.02609 
0.08501 0.91440 -0.02586 
0.08359 0.91440 -0.02563 
0.08216 0.91440 -0.02540 
0.08073 0.91440 -0.02516 
0.07931 0.91440 -0.02492 
0.07788 0.91440 -0.02467 
0.07646 0.91440 -0.02442 
0.07503 0.91440 -0.02417 
0.07361 0.91440 -0.02391 
0.07219 0.91440 -0.02365 
0.07077 0.91440 -0.02339 
0.06935 0.91440 -0.02312 
0.06793 0.91440 -0.02284 
0.06651 0.91440 -0.02256 
0.06509 0.91440 -0.02228 
0.06367 0.91440 -0.02199 
0.06226 0.91440 -0.02169 
0.06084 0.91440 -0.02139 
0.05943 0.91440 -0.02109 
0.05802 0.91440 -0.02078 
0.05660 0.91440 -0.02046 
0.05519 0.91440 -0.02014 
0.05379 0.91440 -0.01981 
0.05238 0.91440 -0.01948 
0.05097 0.91440 -0.01914 
0.04957 0.91440 -0.01879 
0.04817 0.91440 -0.01844 
0.04677 0.91440 -0.01808 
0.04537 0.91440 -0.01771 
0.04397 0.91440 -0.01734 
0.04258 0.91440 -0.01695 
0.04118 0.91440 -0.01656 
0.03979 0.91440 -0.01617 
0.03841 0.91440 -0.01576 
0.03702 0.91440 -0.01534 
0.03564 0.91440 -0.01492 
0.03426 0.91440 -0.01448 
0.03288 0.91440 -0.01404 
0.03151 0.91440 -0.01358 
0.03014 0.91440 -0.01312 
0.02878 0.91440 -0.01264 
0.02742 0.91440 -0.01215 
0.02606 0.91440 -0.01164 
0.02471 0.91440 -0.01113 
0.02337 0.91440 -0.01060 
0.02203 0.91440 -0.01005 
0.02070 0.91440 -0.00949 
0.01937 0.91440 -0.00890 
0.01806 0.91440 -0.00830 
0.01675 0.91440 -0.00768 
0.01545 0.91440 -0.00704 
0.01417 0.91440 -0.00637 
0.01290 0.91440 -0.00568 
0.01165 0.91440 -0.00496 
0.01041 0.91440 -0.00421 
0.00920 0.91440 -0.00342 
0.00802 0.91440 -0.00259 
0.00686 0.91440 -0.00172 
0.00579 0.91440 -0.00084 
0.00483 0.91440 0.00003 
0.00398 0.91440 0.00089 
0.00324 0.91440 0.00172 
0.00260 0.91440 0.00252 
0.00205 0.91440 0.00332 
0.00158 0.91440 0.00410 
0.00119 0.91440 0.00487 
0.00087 0.91440 0.00562 
0.00064 0.91440 0.00636 
0.00046 0.91440 0.00710 
0.00035 0.91440 0.00784 
0.00031 0.91440 0.00858 
0.00032 0.91440 0.00930 
0.00041 0.91440 0.01002 
0.00055 0.91440 0.01074 
0.00020 0.91440 0.01128 
-0.00057 0.91440 0.01162 
-0.00137 0.91440 0.01262 
-0.00189 0.91440 0.01399 
-0.00207 0.91440 0.01556 
-0.00189 0.91440 0.01721 
-0.00138 0.91440 0.01885 
-0.00059 0.91440 0.02042 
0.00043 0.91440 0.02189 
0.00168 0.91440 0.02324 
0.00309 0.91440 0.02444 
0.00463 0.91440 0.02551 
0.00626 0.91440 0.02643 
0.00787 0.91440 0.02719 
0.00947 0.91440 0.02782 
0.01105 0.91440 0.02837 
0.01260 0.91440 0.02885 
0.01413 0.91440 0.02927 
0.01566 0.91440 0.02964 
0.01717 0.91440 0.02998 
0.01868 0.91440 0.03029 
0.02017 0.91440 0.03058 
0.02166 0.91440 0.03084 
0.02315 0.91440 0.03109 
0.02464 0.91440 0.03132 
0.02615 0.91440 0.03152 
0.02768 0.91440 0.03165 
0.02936 0.91440 0.03173 
0.03111 0.91440 0.03148 
0.03350 0.91440 0.03100 
0.03497 0.91440 0.02919 
0.03559 0.91440 0.02784 
0.03701 0.91440 0.02809 
0.03843 0.91440 0.02833 
0.03985 0.91440 0.02856 
0.04127 0.91440 0.02878 
0.04269 0.91440 0.02899 
0.04412 0.91440 0.02919 
0.04554 0.91440 0.02939 
0.04697 0.91440 0.02957 
0.04840 0.91440 0.02975 
0.04983 0.91440 0.02992 
0.05126 0.91440 0.03008 
0.05269 0.91440 0.03023 
0.05412 0.91440 0.03038 
0.05555 0.91440 0.03052 
0.05698 0.91440 0.03066 
0.05842 0.91440 0.03079 
0.05985 0.91440 0.03091 
0.06129 0.91440 0.03103 
0.06272 0.91440 0.03114 
0.06415 0.91440 0.03125 
0.06559 0.91440 0.03135 
0.06703 0.91440 0.03144 
0.06846 0.91440 0.03154 
0.06990 0.91440 0.03162 
0.07134 0.91440 0.03170 
0.07277 0.91440 0.03178 
0.07421 0.91440 0.03185 
0.07565 0.91440 0.03192 
0.07709 0.91440 0.03198 
0.07852 0.91440 0.03204 
0.07996 0.91440 0.03209 
0.08140 0.91440 0.03214 
0.08284 0.91440 0.03218 
0.08428 0.91440 0.03223 
0.08571 0.91440 0.03226 
0.08715 0.91440 0.03230 
0.08859 0.91440 0.03233 
0.09003 0.91440 0.03235 
0.09147 0.91440 0.03238 
0.09298 0.91440 0.03240 
0.09456 0.91440 0.03241 
0.09623 0.91440 0.03243 
0.09798 0.91440 0.03244 
0.09981 0.91440 0.03244 
0.10174 0.91440 0.03244 
0.10376 0.91440 0.03243 
0.10589 0.91440 0.03242 
0.10812 0.91440 0.03240 
0.11046 0.91440 0.03237 
0.11292 0.91440 0.03233 
0.11550 0.91440 0.03228 
0.11808 0.91440 0.03222 
0.12066 0.91440 0.03215 
0.12323 0.91440 0.03208 
0.12581 0.91440 0.03200 
0.12839 0.91440 0.03191 
0.13096 0.91440 0.03181 
0.13354 0.91440 0.03170 
0.13611 0.91440 0.03159 
0.13869 0.91440 0.03147 
0.14127 0.91440 0.03134 
0.14384 0.91440 0.03121 
0.14641 0.91440 0.03107 
0.14899 0.91440 0.03092 
0.15156 0.91440 0.03077 
0.15414 0.91440 0.03061 
0.15671 0.91440 0.03045 
0.15928 0.91440 0.03027 
0.16185 0.91440 0.03010 
0.16442 0.91440 0.02992 
0.16700 0.91440 0.02973 
0.16957 0.91440 0.02954 
0.17214 0.91440 0.02934 
0.17471 0.91440 0.02913 
0.17728 0.91440 0.02893 
0.17985 0.91440 0.02871 
0.18242 0.91440 0.02849 
0.18498 0.91440 0.02827 
0.18755 0.91440 0.02804 
0.19012 0.91440 0.02781 
0.19269 0.91440 0.02757 
0.19525 0.91440 0.02733 
0.19782 0.91440 0.02708 
0.20039 0.91440 0.02683 
0.20295 0.91440 0.02658 
0.20552 0.91440 0.02632 
0.20808 0.91440 0.02606 
0.21065 0.91440 0.02579 
0.21321 0.91440 0.02552 
0.21577 0.91440 0.02525 
0.21834 0.91440 0.02497 
0.22090 0.91440 0.02469 
0.22346 0.91440 0.02440 
0.22602 0.91440 0.02411 
0.22859 0.91440 0.02382 
0.23115 0.91440 0.02353 
0.23371 0.91440 0.02323 
0.23627 0.91440 0.02292 
0.23883 0.91440 0.02262 
0.24139 0.91440 0.02231 
0.24395 0.91440 0.02200 
0.24651 0.91440 0.02168 
0.24906 0.91440 0.02136 
0.25162 0.91440 0.02104 
0.25418 0.91440 0.02072 
0.25674 0.91440 0.02039 
0.25929 0.91440 0.02006 
0.26185 0.91440 0.01973 
0.26441 0.91440 0.01939 
0.26696 0.91440 0.01905 
0.26952 0.91440 0.01871 
0.27207 0.91440 0.01837 
0.27463 0.91440 0.01802 
0.27718 0.91440 0.01767 
0.27974 0.91440 0.01732 
0.28229 0.91440 0.01696 
0.28484 0.91440 0.01661 
0.28740 0.91440 0.01625 
0.28995 0.91440 0.01589 
0.29250 0.91440 0.01552 
0.29505 0.91440 0.01516 
0.29761 0.91440 0.01479 
0.30016 0.91440 0.01442 
0.30271 0.91440 0.01404 
0.30526 0.91440 0.01367 
0.30781 0.91440 0.01329 
0.31036 0.91440 0.01291 
0.31291 0.91440 0.01253 
0.31546 0.91440 0.01214 
0.31801 0.91440 0.01176 
0.32056 0.91440 0.01137 
0.32311 0.91440 0.01098 
0.32565 0.91440 0.01059 
0.32820 0.91440 0.01019 
0.33075 0.91440 0.00980 
0.33330 0.91440 0.00940 
0.33584 0.91440 0.00900 
0.33839 0.91440 0.00860 
0.34094 0.91440 0.00819 
0.34348 0.91440 0.00779 
0.34603 0.91440 0.00738 
0.34857 0.91440 0.00697 
0.35112 0.91440 0.00656 
0.35366 0.91440 0.00615 
0.35621 0.91440 0.00573 
0.35875 0.91440 0.00531 
0.36130 0.91440 0.00489 
0.36384 0.91440 0.00447 
0.36638 0.91440 0.00405 
0.36893 0.91440 0.00363 
0.37147 0.91440 0.00320 
0.37401 0.91440 0.00278 
0.37655 0.91440 0.00235 
0.37910 0.91440 0.00192 
0.38164 0.91440 0.00149 
0.38418 0.91440 0.00105 
0.38672 0.91440 0.00062 
0.38926 0.91440 0.00018 
0.39180 0.91440 -0.00026 
0.39434 0.91440 -0.00070 
0.39688 0.91440 -0.00114 
0.39942 0.91440 -0.00159 
0.40196 0.91440 -0.00203 
0.40450 0.91440 -0.00248 
0.40704 0.91440 -0.00293 
0.40958 0.91440 -0.00338 
0.41212 0.91440 -0.00383 
0.41466 0.91440 -0.00428 
0.41719 0.91440 -0.00474 
0.41973 0.91440 -0.00519 
0.42227 0.91440 -0.00565 
0.42480 0.91440 -0.00611 
0.42734 0.91440 -0.00657 
0.42988 0.91440 -0.00704 
0.43241 0.91440 -0.00750 
0.43495 0.91440 -0.00797 
0.43748 0.91440 -0.00843 
0.44002 0.91440 -0.00890 
0.44255 0.91440 -0.00937 
0.44509 0.91440 -0.00985 
0.44762 0.91440 -0.01032 
0.45016 0.91440 -0.01080 
0.45269 0.91440 -0.01127 
0.45522 0.91440 -0.01175 
0.45776 0.91440 -0.01223 
0.46029 0.91440 -0.01272 
0.46282 0.91440 -0.01320 
0.46535 0.91440 -0.01369 
0.46789 0.91440 -0.01417 
0.47042 0.91440 -0.01466 
0.47295 0.91440 -0.01515 
0.47548 0.91440 -0.01565 
0.47801 0.91440 -0.01614 
0.48054 0.91440 -0.01664 
0.48307 0.91440 -0.01713 
0.48560 0.91440 -0.01763 
0.48813 0.91440 -0.01813 
0.49066 0.91440 -0.01864 
0.49318 0.91440 -0.01914 
0.49571 0.91440 -0.01965 
0.49824 0.91440 -0.02016 
0.50077 0.91440 -0.02067 
0.50329 0.91440 -0.02118 
0.50582 0.91440 -0.02169 
0.50835 0.91440 -0.02221 
0.51087 0.91440 -0.02273 
0.51340 0.91440 -0.02325 
0.51592 0.91440 -0.02377 
0.51845 0.91440 -0.02429 
0.52097 0.91440 -0.02482 
0.52349 0.91440 -0.02534 
0.52602 0.91440 -0.02587 
0.52854 0.91440 -0.02640 
0.53017 0.91440 -0.02675 
0.53119 0.91440 -0.02696 
0.53183 0.91440 -0.02710 
0.53222 0.91440 -0.02718 
0.53247 0.91440 -0.02724 
0.53247 0.91440 -0.02733 
0.53246 0.91440 -0.02741 
0.53245 0.91440 -0.02750 
0.53245 0.91440 -0.02759 
0.53244 0.91440 -0.02768 
0.53243 0.91440 -0.02777 
0.53243 0.91440 -0.02786 
0.53242 0.91440 -0.02795 

ZONE T="SLICE_Y_0p9144_BINS03_KS_0p5mm_SINGLE_LAYER"
0.53242 0.91440 -0.02795 
0.53242 0.91440 -0.02804 
0.53241 0.91440 -0.02813 
0.53240 0.91440 -0.02822 
0.53240 0.91440 -0.02831 
0.53239 0.91440 -0.02840 
0.53238 0.91440 -0.02849 
0.53238 0.91440 -0.02858 
0.53213 0.91440 -0.02859 
0.53172 0.91440 -0.02862 
0.53107 0.91440 -0.02867 
0.53003 0.91440 -0.02874 
0.52837 0.91440 -0.02885 
0.52580 0.91440 -0.02903 
0.52324 0.91440 -0.02920 
0.52067 0.91440 -0.02937 
0.51810 0.91440 -0.02954 
0.51553 0.91440 -0.02971 
0.51296 0.91440 -0.02987 
0.51039 0.91440 -0.03003 
0.50782 0.91440 -0.03019 
0.50525 0.91440 -0.03035 
0.50268 0.91440 -0.03051 
0.50011 0.91440 -0.03067 
0.49754 0.91440 -0.03082 
0.49497 0.91440 -0.03097 
0.49240 0.91440 -0.03112 
0.48983 0.91440 -0.03127 
0.48726 0.91440 -0.03141 
0.48469 0.91440 -0.03156 
0.48212 0.91440 -0.03170 
0.47955 0.91440 -0.03184 
0.47698 0.91440 -0.03198 
0.47441 0.91440 -0.03212 
0.47184 0.91440 -0.03225 
0.46927 0.91440 -0.03239 
0.46670 0.91440 -0.03252 
0.46413 0.91440 -0.03265 
0.46156 0.91440 -0.03278 
0.45899 0.91440 -0.03290 
0.45642 0.91440 -0.03303 
0.45384 0.91440 -0.03315 
0.45127 0.91440 -0.03327 
0.44870 0.91440 -0.03339 
0.44613 0.91440 -0.03351 
0.44356 0.91440 -0.03363 
0.44099 0.91440 -0.03374 
0.43841 0.91440 -0.03386 
0.43584 0.91440 -0.03397 
0.43327 0.91440 -0.03408 
0.43070 0.91440 -0.03419 
0.42813 0.91440 -0.03430 
0.42555 0.91440 -0.03440 
0.42298 0.91440 -0.03450 
0.42041 0.91440 -0.03461 
0.41784 0.91440 -0.03471 
0.41527 0.91440 -0.03481 
0.41269 0.91440 -0.03490 
0.41012 0.91440 -0.03500 
0.40755 0.91440 -0.03509 
0.40498 0.91440 -0.03519 
0.40240 0.91440 -0.03528 
0.39983 0.91440 -0.03537 
0.39726 0.91440 -0.03545 
0.39468 0.91440 -0.03554 
0.39211 0.91440 -0.03562 
0.38954 0.91440 -0.03571 
0.38697 0.91440 -0.03579 
0.38439 0.91440 -0.03587 
0.38182 0.91440 -0.03594 
0.37925 0.91440 -0.03602 
0.37667 0.91440 -0.03609 
0.37410 0.91440 -0.03617 
0.37153 0.91440 -0.03624 
0.36895 0.91440 -0.03631 
0.36638 0.91440 -0.03637 
0.36381 0.91440 -0.03644 
0.36123 0.91440 -0.03650 
0.35866 0.91440 -0.03657 
0.35609 0.91440 -0.03663 
0.35351 0.91440 -0.03668 
0.35094 0.91440 -0.03674 
0.34837 0.91440 -0.03680 
0.34579 0.91440 -0.03685 
0.34322 0.91440 -0.03690 
0.34064 0.91440 -0.03695 
0.33807 0.91440 -0.03700 
0.33550 0.91440 -0.03704 
0.33292 0.91440 -0.03709 
0.33035 0.91440 -0.03713 
0.32777 0.91440 -0.03717 
0.32520 0.91440 -0.03721 
0.32263 0.91440 -0.03724 
0.32005 0.91440 -0.03728 
0.31748 0.91440 -0.03731 
0.31490 0.91440 -0.03734 
0.31233 0.91440 -0.03737 
0.30976 0.91440 -0.03739 
0.30718 0.91440 -0.03742 
0.30461 0.91440 -0.03744 
0.30203 0.91440 -0.03746 
0.29946 0.91440 -0.03747 
0.29689 0.91440 -0.03749 
0.29431 0.91440 -0.03750 
0.29174 0.91440 -0.03751 
0.28916 0.91440 -0.03752 
0.28659 0.91440 -0.03753 
0.28401 0.91440 -0.03753 
0.28144 0.91440 -0.03753 
0.27887 0.91440 -0.03753 
0.27629 0.91440 -0.03752 
0.27372 0.91440 -0.03752 
0.27114 0.91440 -0.03751 
0.26857 0.91440 -0.03750 
0.26599 0.91440 -0.03748 
0.26342 0.91440 -0.03746 
0.26085 0.91440 -0.03744 
0.25827 0.91440 -0.03742 
0.25570 0.91440 -0.03740 
0.25312 0.91440 -0.03737 
0.25055 0.91440 -0.03734 
0.24798 0.91440 -0.03730 
0.24540 0.91440 -0.03727 
0.24283 0.91440 -0.03723 
0.24025 0.91440 -0.03718 
0.23768 0.91440 -0.03714 
0.23511 0.91440 -0.03709 
0.23253 0.91440 -0.03703 
0.22996 0.91440 -0.03698 
0.22738 0.91440 -0.03692 
0.22481 0.91440 -0.03686 
0.22224 0.91440 -0.03679 
0.21966 0.91440 -0.03672 
0.21709 0.91440 -0.03665 
0.21452 0.91440 -0.03657 
0.21195 0.91440 -0.03649 
0.20937 0.91440 -0.03641 
0.20680 0.91440 -0.03632 
0.20423 0.91440 -0.03622 
0.20165 0.91440 -0.03613 
0.19908 0.91440 -0.03603 
0.19651 0.91440 -0.03592 
0.19394 0.91440 -0.03582 
0.19137 0.91440 -0.03570 
0.18879 0.91440 -0.03559 
0.18622 0.91440 -0.03546 
0.18365 0.91440 -0.03534 
0.18108 0.91440 -0.03521 
0.17851 0.91440 -0.03507 
0.17594 0.91440 -0.03493 
0.17337 0.91440 -0.03479 
0.17080 0.91440 -0.03464 
0.16823 0.91440 -0.03448 
0.16566 0.91440 -0.03432 
0.16309 0.91440 -0.03416 
0.16052 0.91440 -0.03399 
0.15796 0.91440 -0.03381 
0.15539 0.91440 -0.03363 
0.15282 0.91440 -0.03344 
0.15025 0.91440 -0.03325 
0.14769 0.91440 -0.03305 
0.14512 0.91440 -0.03285 
0.14255 0.91440 -0.03263 
0.13999 0.91440 -0.03242 
0.13743 0.91440 -0.03219 
0.13486 0.91440 -0.03196 
0.13230 0.91440 -0.03172 
0.12974 0.91440 -0.03148 
0.12717 0.91440 -0.03123 
0.12461 0.91440 -0.03097 
0.12205 0.91440 -0.03070 
0.11949 0.91440 -0.03043 
0.11693 0.91440 -0.03015 
0.11438 0.91440 -0.02986 
0.11182 0.91440 -0.02956 
0.10924 0.91440 -0.02925 
0.10679 0.91440 -0.02894 
0.10445 0.91440 -0.02865 
0.10222 0.91440 -0.02836 
0.10011 0.91440 -0.02808 
0.09809 0.91440 -0.02780 
0.09617 0.91440 -0.02754 
0.09434 0.91440 -0.02728 
0.09260 0.91440 -0.02702 
0.09095 0.91440 -0.02678 
0.08937 0.91440 -0.02654 
0.08787 0.91440 -0.02631 
0.08644 0.91440 -0.02609 
0.08501 0.91440 -0.02586 
0.08359 0.91440 -0.02563 
0.08216 0.91440 -0.02540 
0.08073 0.91440 -0.02516 
0.07931 0.91440 -0.02492 
0.07788 0.91440 -0.02467 
0.07646 0.91440 -0.02442 
0.07503 0.91440 -0.02417 
0.07361 0.91440 -0.02391 
0.07219 0.91440 -0.02365 
0.07077 0.91440 -0.02339 
0.06935 0.91440 -0.02312 
0.06793 0.91440 -0.02284 
0.06651 0.91440 -0.02256 
0.06509 0.91440 -0.02228 
0.06367 0.91440 -0.02199 
0.06226 0.91440 -0.02169 
0.06084 0.91440 -0.02139 
0.05943 0.91440 -0.02109 
0.05802 0.91440 -0.02078 
0.05660 0.91440 -0.02046 
0.05519 0.91440 -0.02014 
0.05379 0.91440 -0.01981 
0.05238 0.91440 -0.01948 
0.05097 0.91440 -0.01914 
0.04957 0.91440 -0.01879 
0.04817 0.91440 -0.01844 
0.04677 0.91440 -0.01808 
0.04537 0.91440 -0.01771 
0.04397 0.91440 -0.01734 
0.04258 0.91440 -0.01695 
0.04118 0.91440 -0.01656 
0.03979 0.91440 -0.01617 
0.03841 0.91440 -0.01576 
0.03702 0.91440 -0.01534 
0.03564 0.91440 -0.01492 
0.03426 0.91440 -0.01448 
0.03288 0.91440 -0.01404 
0.03151 0.91440 -0.01358 
0.03014 0.91440 -0.01312 
0.02878 0.91440 -0.01264 
0.02742 0.91440 -0.01215 
0.02606 0.91440 -0.01164 
0.02471 0.91440 -0.01113 
0.02337 0.91440 -0.01060 
0.02203 0.91440 -0.01005 
0.02070 0.91440 -0.00949 
0.01937 0.91440 -0.00890 
0.01806 0.91440 -0.00830 
0.01675 0.91440 -0.00768 
0.01545 0.91440 -0.00704 
0.01417 0.91440 -0.00637 
0.01290 0.91440 -0.00568 
0.01165 0.91440 -0.00496 
0.01041 0.91440 -0.00421 
0.00920 0.91440 -0.00342 
0.00802 0.91440 -0.00259 
0.00686 0.91440 -0.00172 
0.00579 0.91440 -0.00084 
0.00483 0.91440 0.00003 
0.00398 0.91440 0.00089 
0.00324 0.91440 0.00172 
0.00260 0.91440 0.00252 
0.00205 0.91440 0.00332 
0.00158 0.91440 0.00410 
0.00119 0.91440 0.00487 
0.00087 0.91440 0.00562 
0.00064 0.91440 0.00636 
0.00046 0.91440 0.00710 
0.00035 0.91440 0.00784 
0.00031 0.91440 0.00858 
0.00032 0.91440 0.00930 
0.00041 0.91440 0.01002 
0.00055 0.91440 0.01074 
0.00022 0.91440 0.01129 
-0.00054 0.91440 0.01164 
-0.00134 0.91440 0.01261 
-0.00186 0.91440 0.01398 
-0.00204 0.91440 0.01554 
-0.00187 0.91440 0.01719 
-0.00137 0.91440 0.01883 
-0.00059 0.91440 0.02039 
0.00043 0.91440 0.02187 
0.00167 0.91440 0.02322 
0.00307 0.91440 0.02443 
0.00462 0.91440 0.02551 
0.00625 0.91440 0.02643 
0.00787 0.91440 0.02720 
0.00947 0.91440 0.02783 
0.01106 0.91440 0.02838 
0.01261 0.91440 0.02886 
0.01414 0.91440 0.02927 
0.01567 0.91440 0.02964 
0.01718 0.91440 0.02997 
0.01869 0.91440 0.03028 
0.02018 0.91440 0.03056 
0.02167 0.91440 0.03083 
0.02316 0.91440 0.03107 
0.02464 0.91440 0.03130 
0.02611 0.91440 0.03151 
0.02761 0.91440 0.03172 
0.02911 0.91440 0.03184 
0.03078 0.91440 0.03197 
0.03243 0.91440 0.03172 
0.03478 0.91440 0.03143 
0.03648 0.91440 0.02959 
0.03701 0.91440 0.02809 
0.03843 0.91440 0.02833 
0.03985 0.91440 0.02856 
0.04127 0.91440 0.02878 
0.04269 0.91440 0.02899 
0.04412 0.91440 0.02919 
0.04554 0.91440 0.02939 
0.04697 0.91440 0.02957 
0.04840 0.91440 0.02975 
0.04983 0.91440 0.02992 
0.05126 0.91440 0.03008 
0.05269 0.91440 0.03023 
0.05412 0.91440 0.03038 
0.05555 0.91440 0.03052 
0.05698 0.91440 0.03066 
0.05842 0.91440 0.03079 
0.05985 0.91440 0.03091 
0.06129 0.91440 0.03103 
0.06272 0.91440 0.03114 
0.06415 0.91440 0.03125 
0.06559 0.91440 0.03135 
0.06703 0.91440 0.03144 
0.06846 0.91440 0.03154 
0.06990 0.91440 0.03162 
0.07134 0.91440 0.03170 
0.07277 0.91440 0.03178 
0.07421 0.91440 0.03185 
0.07565 0.91440 0.03192 
0.07709 0.91440 0.03198 
0.07852 0.91440 0.03204 
0.07996 0.91440 0.03209 
0.08140 0.91440 0.03214 
0.08284 0.91440 0.03218 
0.08428 0.91440 0.03223 
0.08571 0.91440 0.03226 
0.08715 0.91440 0.03230 
0.08859 0.91440 0.03233 
0.09003 0.91440 0.03235 
0.09147 0.91440 0.03238 
0.09298 0.91440 0.03240 
0.09456 0.91440 0.03241 
0.09623 0.91440 0.03243 
0.09798 0.91440 0.03244 
0.09981 0.91440 0.03244 
0.10174 0.91440 0.03244 
0.10376 0.91440 0.03243 
0.10589 0.91440 0.03242 
0.10812 0.91440 0.03240 
0.11046 0.91440 0.03237 
0.11292 0.91440 0.03233 
0.11550 0.91440 0.03228 
0.11808 0.91440 0.03222 
0.12066 0.91440 0.03215 
0.12323 0.91440 0.03208 
0.12581 0.91440 0.03200 
0.12839 0.91440 0.03191 
0.13096 0.91440 0.03181 
0.13354 0.91440 0.03170 
0.13611 0.91440 0.03159 
0.13869 0.91440 0.03147 
0.14127 0.91440 0.03134 
0.14384 0.91440 0.03121 
0.14641 0.91440 0.03107 
0.14899 0.91440 0.03092 
0.15156 0.91440 0.03077 
0.15414 0.91440 0.03061 
0.15671 0.91440 0.03045 
0.15928 0.91440 0.03027 
0.16185 0.91440 0.03010 
0.16442 0.91440 0.02992 
0.16700 0.91440 0.02973 
0.16957 0.91440 0.02954 
0.17214 0.91440 0.02934 
0.17471 0.91440 0.02913 
0.17728 0.91440 0.02893 
0.17985 0.91440 0.02871 
0.18242 0.91440 0.02849 
0.18498 0.91440 0.02827 
0.18755 0.91440 0.02804 
0.19012 0.91440 0.02781 
0.19269 0.91440 0.02757 
0.19525 0.91440 0.02733 
0.19782 0.91440 0.02708 
0.20039 0.91440 0.02683 
0.20295 0.91440 0.02658 
0.20552 0.91440 0.02632 
0.20808 0.91440 0.02606 
0.21065 0.91440 0.02579 
0.21321 0.91440 0.02552 
0.21577 0.91440 0.02525 
0.21834 0.91440 0.02497 
0.22090 0.91440 0.02469 
0.22346 0.91440 0.02440 
0.22602 0.91440 0.02411 
0.22859 0.91440 0.02382 
0.23115 0.91440 0.02353 
0.23371 0.91440 0.02323 
0.23627 0.91440 0.02292 
0.23883 0.91440 0.02262 
0.24139 0.91440 0.02231 
0.24395 0.91440 0.02200 
0.24651 0.91440 0.02168 
0.24906 0.91440 0.02136 
0.25162 0.91440 0.02104 
0.25418 0.91440 0.02072 
0.25674 0.91440 0.02039 
0.25929 0.91440 0.02006 
0.26185 0.91440 0.01973 
0.26441 0.91440 0.01939 
0.26696 0.91440 0.01905 
0.26952 0.91440 0.01871 
0.27207 0.91440 0.01837 
0.27463 0.91440 0.01802 
0.27718 0.91440 0.01767 
0.27974 0.91440 0.01732 
0.28229 0.91440 0.01696 
0.28484 0.91440 0.01661 
0.28740 0.91440 0.01625 
0.28995 0.91440 0.01589 
0.29250 0.91440 0.01552 
0.29505 0.91440 0.01516 
0.29761 0.91440 0.01479 
0.30016 0.91440 0.01442 
0.30271 0.91440 0.01404 
0.30526 0.91440 0.01367 
0.30781 0.91440 0.01329 
0.31036 0.91440 0.01291 
0.31291 0.91440 0.01253 
0.31546 0.91440 0.01214 
0.31801 0.91440 0.01176 
0.32056 0.91440 0.01137 
0.32311 0.91440 0.01098 
0.32565 0.91440 0.01059 
0.32820 0.91440 0.01019 
0.33075 0.91440 0.00980 
0.33330 0.91440 0.00940 
0.33584 0.91440 0.00900 
0.33839 0.91440 0.00860 
0.34094 0.91440 0.00819 
0.34348 0.91440 0.00779 
0.34603 0.91440 0.00738 
0.34857 0.91440 0.00697 
0.35112 0.91440 0.00656 
0.35366 0.91440 0.00615 
0.35621 0.91440 0.00573 
0.35875 0.91440 0.00531 
0.36130 0.91440 0.00489 
0.36384 0.91440 0.00447 
0.36638 0.91440 0.00405 
0.36893 0.91440 0.00363 
0.37147 0.91440 0.00320 
0.37401 0.91440 0.00278 
0.37655 0.91440 0.00235 
0.37910 0.91440 0.00192 
0.38164 0.91440 0.00149 
0.38418 0.91440 0.00105 
0.38672 0.91440 0.00062 
0.38926 0.91440 0.00018 
0.39180 0.91440 -0.00026 
0.39434 0.91440 -0.00070 
0.39688 0.91440 -0.00114 
0.39942 0.91440 -0.00159 
0.40196 0.91440 -0.00203 
0.40450 0.91440 -0.00248 
0.40704 0.91440 -0.00293 
0.40958 0.91440 -0.00338 
0.41212 0.91440 -0.00383 
0.41466 0.91440 -0.00428 
0.41719 0.91440 -0.00474 
0.41973 0.91440 -0.00519 
0.42227 0.91440 -0.00565 
0.42480 0.91440 -0.00611 
0.42734 0.91440 -0.00657 
0.42988 0.91440 -0.00704 
0.43241 0.91440 -0.00750 
0.43495 0.91440 -0.00797 
0.43748 0.91440 -0.00843 
0.44002 0.91440 -0.00890 
0.44255 0.91440 -0.00937 
0.44509 0.91440 -0.00985 
0.44762 0.91440 -0.01032 
0.45016 0.91440 -0.01080 
0.45269 0.91440 -0.01127 
0.45522 0.91440 -0.01175 
0.45776 0.91440 -0.01223 
0.46029 0.91440 -0.01272 
0.46282 0.91440 -0.01320 
0.46535 0.91440 -0.01369 
0.46789 0.91440 -0.01417 
0.47042 0.91440 -0.01466 
0.47295 0.91440 -0.01515 
0.47548 0.91440 -0.01565 
0.47801 0.91440 -0.01614 
0.48054 0.91440 -0.01664 
0.48307 0.91440 -0.01713 
0.48560 0.91440 -0.01763 
0.48813 0.91440 -0.01813 
0.49066 0.91440 -0.01864 
0.49318 0.91440 -0.01914 
0.49571 0.91440 -0.01965 
0.49824 0.91440 -0.02016 
0.50077 0.91440 -0.02067 
0.50329 0.91440 -0.02118 
0.50582 0.91440 -0.02169 
0.50835 0.91440 -0.02221 
0.51087 0.91440 -0.02273 
0.51340 0.91440 -0.02325 
0.51592 0.91440 -0.02377 
0.51845 0.91440 -0.02429 
0.52097 0.91440 -0.02482 
0.52349 0.91440 -0.02534 
0.52602 0.91440 -0.02587 
0.52854 0.91440 -0.02640 
0.53017 0.91440 -0.02675 
0.53119 0.91440 -0.02696 
0.53183 0.91440 -0.02710 
0.53222 0.91440 -0.02718 
0.53247 0.91440 -0.02724 
0.53247 0.91440 -0.02733 
0.53246 0.91440 -0.02741 
0.53245 0.91440 -0.02750 
0.53245 0.91440 -0.02759 
0.53244 0.91440 -0.02768 
0.53243 0.91440 -0.02777 
0.53243 0.91440 -0.02786 
0.53242 0.91440 -0.02795 

ZONE T="SLICE_Y_0p9144_BINS07_KS_0p5mm_SINGLE_LAYER"
0.53242 0.91440 -0.02795 
0.53242 0.91440 -0.02804 
0.53241 0.91440 -0.02813 
0.53240 0.91440 -0.02822 
0.53240 0.91440 -0.02831 
0.53239 0.91440 -0.02840 
0.53238 0.91440 -0.02849 
0.53238 0.91440 -0.02858 
0.53213 0.91440 -0.02859 
0.53172 0.91440 -0.02862 
0.53107 0.91440 -0.02867 
0.53003 0.91440 -0.02874 
0.52837 0.91440 -0.02885 
0.52580 0.91440 -0.02903 
0.52324 0.91440 -0.02920 
0.52067 0.91440 -0.02937 
0.51810 0.91440 -0.02954 
0.51553 0.91440 -0.02971 
0.51296 0.91440 -0.02987 
0.51039 0.91440 -0.03003 
0.50782 0.91440 -0.03019 
0.50525 0.91440 -0.03035 
0.50268 0.91440 -0.03051 
0.50011 0.91440 -0.03067 
0.49754 0.91440 -0.03082 
0.49497 0.91440 -0.03097 
0.49240 0.91440 -0.03112 
0.48983 0.91440 -0.03127 
0.48726 0.91440 -0.03141 
0.48469 0.91440 -0.03156 
0.48212 0.91440 -0.03170 
0.47955 0.91440 -0.03184 
0.47698 0.91440 -0.03198 
0.47441 0.91440 -0.03212 
0.47184 0.91440 -0.03225 
0.46927 0.91440 -0.03239 
0.46670 0.91440 -0.03252 
0.46413 0.91440 -0.03265 
0.46156 0.91440 -0.03278 
0.45899 0.91440 -0.03290 
0.45642 0.91440 -0.03303 
0.45384 0.91440 -0.03315 
0.45127 0.91440 -0.03327 
0.44870 0.91440 -0.03339 
0.44613 0.91440 -0.03351 
0.44356 0.91440 -0.03363 
0.44099 0.91440 -0.03374 
0.43841 0.91440 -0.03386 
0.43584 0.91440 -0.03397 
0.43327 0.91440 -0.03408 
0.43070 0.91440 -0.03419 
0.42813 0.91440 -0.03430 
0.42555 0.91440 -0.03440 
0.42298 0.91440 -0.03450 
0.42041 0.91440 -0.03461 
0.41784 0.91440 -0.03471 
0.41527 0.91440 -0.03481 
0.41269 0.91440 -0.03490 
0.41012 0.91440 -0.03500 
0.40755 0.91440 -0.03509 
0.40498 0.91440 -0.03519 
0.40240 0.91440 -0.03528 
0.39983 0.91440 -0.03537 
0.39726 0.91440 -0.03545 
0.39468 0.91440 -0.03554 
0.39211 0.91440 -0.03562 
0.38954 0.91440 -0.03571 
0.38697 0.91440 -0.03579 
0.38439 0.91440 -0.03587 
0.38182 0.91440 -0.03594 
0.37925 0.91440 -0.03602 
0.37667 0.91440 -0.03609 
0.37410 0.91440 -0.03617 
0.37153 0.91440 -0.03624 
0.36895 0.91440 -0.03631 
0.36638 0.91440 -0.03637 
0.36381 0.91440 -0.03644 
0.36123 0.91440 -0.03650 
0.35866 0.91440 -0.03657 
0.35609 0.91440 -0.03663 
0.35351 0.91440 -0.03668 
0.35094 0.91440 -0.03674 
0.34837 0.91440 -0.03680 
0.34579 0.91440 -0.03685 
0.34322 0.91440 -0.03690 
0.34064 0.91440 -0.03695 
0.33807 0.91440 -0.03700 
0.33550 0.91440 -0.03704 
0.33292 0.91440 -0.03709 
0.33035 0.91440 -0.03713 
0.32777 0.91440 -0.03717 
0.32520 0.91440 -0.03721 
0.32263 0.91440 -0.03724 
0.32005 0.91440 -0.03728 
0.31748 0.91440 -0.03731 
0.31490 0.91440 -0.03734 
0.31233 0.91440 -0.03737 
0.30976 0.91440 -0.03739 
0.30718 0.91440 -0.03742 
0.30461 0.91440 -0.03744 
0.30203 0.91440 -0.03746 
0.29946 0.91440 -0.03747 
0.29689 0.91440 -0.03749 
0.29431 0.91440 -0.03750 
0.29174 0.91440 -0.03751 
0.28916 0.91440 -0.03752 
0.28659 0.91440 -0.03753 
0.28401 0.91440 -0.03753 
0.28144 0.91440 -0.03753 
0.27887 0.91440 -0.03753 
0.27629 0.91440 -0.03752 
0.27372 0.91440 -0.03752 
0.27114 0.91440 -0.03751 
0.26857 0.91440 -0.03750 
0.26599 0.91440 -0.03748 
0.26342 0.91440 -0.03746 
0.26085 0.91440 -0.03744 
0.25827 0.91440 -0.03742 
0.25570 0.91440 -0.03740 
0.25312 0.91440 -0.03737 
0.25055 0.91440 -0.03734 
0.24798 0.91440 -0.03730 
0.24540 0.91440 -0.03727 
0.24283 0.91440 -0.03723 
0.24025 0.91440 -0.03718 
0.23768 0.91440 -0.03714 
0.23511 0.91440 -0.03709 
0.23253 0.91440 -0.03703 
0.22996 0.91440 -0.03698 
0.22738 0.91440 -0.03692 
0.22481 0.91440 -0.03686 
0.22224 0.91440 -0.03679 
0.21966 0.91440 -0.03672 
0.21709 0.91440 -0.03665 
0.21452 0.91440 -0.03657 
0.21195 0.91440 -0.03649 
0.20937 0.91440 -0.03641 
0.20680 0.91440 -0.03632 
0.20423 0.91440 -0.03622 
0.20165 0.91440 -0.03613 
0.19908 0.91440 -0.03603 
0.19651 0.91440 -0.03592 
0.19394 0.91440 -0.03582 
0.19137 0.91440 -0.03570 
0.18879 0.91440 -0.03559 
0.18622 0.91440 -0.03546 
0.18365 0.91440 -0.03534 
0.18108 0.91440 -0.03521 
0.17851 0.91440 -0.03507 
0.17594 0.91440 -0.03493 
0.17337 0.91440 -0.03479 
0.17080 0.91440 -0.03464 
0.16823 0.91440 -0.03448 
0.16566 0.91440 -0.03432 
0.16309 0.91440 -0.03416 
0.16052 0.91440 -0.03399 
0.15796 0.91440 -0.03381 
0.15539 0.91440 -0.03363 
0.15282 0.91440 -0.03344 
0.15025 0.91440 -0.03325 
0.14769 0.91440 -0.03305 
0.14512 0.91440 -0.03285 
0.14255 0.91440 -0.03263 
0.13999 0.91440 -0.03242 
0.13743 0.91440 -0.03219 
0.13486 0.91440 -0.03196 
0.13230 0.91440 -0.03172 
0.12974 0.91440 -0.03148 
0.12717 0.91440 -0.03123 
0.12461 0.91440 -0.03097 
0.12205 0.91440 -0.03070 
0.11949 0.91440 -0.03043 
0.11693 0.91440 -0.03015 
0.11438 0.91440 -0.02986 
0.11182 0.91440 -0.02956 
0.10924 0.91440 -0.02925 
0.10679 0.91440 -0.02894 
0.10445 0.91440 -0.02865 
0.10222 0.91440 -0.02836 
0.10011 0.91440 -0.02808 
0.09809 0.91440 -0.02780 
0.09617 0.91440 -0.02754 
0.09434 0.91440 -0.02728 
0.09260 0.91440 -0.02702 
0.09095 0.91440 -0.02678 
0.08937 0.91440 -0.02654 
0.08787 0.91440 -0.02631 
0.08644 0.91440 -0.02609 
0.08501 0.91440 -0.02586 
0.08359 0.91440 -0.02563 
0.08216 0.91440 -0.02540 
0.08073 0.91440 -0.02516 
0.07931 0.91440 -0.02492 
0.07788 0.91440 -0.02467 
0.07646 0.91440 -0.02442 
0.07503 0.91440 -0.02417 
0.07361 0.91440 -0.02391 
0.07219 0.91440 -0.02365 
0.07077 0.91440 -0.02339 
0.06935 0.91440 -0.02312 
0.06793 0.91440 -0.02284 
0.06651 0.91440 -0.02256 
0.06509 0.91440 -0.02228 
0.06367 0.91440 -0.02199 
0.06226 0.91440 -0.02169 
0.06084 0.91440 -0.02139 
0.05943 0.91440 -0.02109 
0.05802 0.91440 -0.02078 
0.05660 0.91440 -0.02046 
0.05519 0.91440 -0.02014 
0.05379 0.91440 -0.01981 
0.05238 0.91440 -0.01948 
0.05097 0.91440 -0.01914 
0.04957 0.91440 -0.01879 
0.04817 0.91440 -0.01844 
0.04677 0.91440 -0.01808 
0.04537 0.91440 -0.01771 
0.04397 0.91440 -0.01734 
0.04258 0.91440 -0.01695 
0.04118 0.91440 -0.01656 
0.03979 0.91440 -0.01617 
0.03841 0.91440 -0.01576 
0.03702 0.91440 -0.01534 
0.03564 0.91440 -0.01492 
0.03426 0.91440 -0.01448 
0.03288 0.91440 -0.01404 
0.03151 0.91440 -0.01358 
0.03014 0.91440 -0.01312 
0.02878 0.91440 -0.01264 
0.02742 0.91440 -0.01215 
0.02606 0.91440 -0.01164 
0.02471 0.91440 -0.01113 
0.02337 0.91440 -0.01060 
0.02203 0.91440 -0.01005 
0.02070 0.91440 -0.00949 
0.01937 0.91440 -0.00890 
0.01806 0.91440 -0.00830 
0.01675 0.91440 -0.00768 
0.01545 0.91440 -0.00704 
0.01417 0.91440 -0.00637 
0.01290 0.91440 -0.00568 
0.01165 0.91440 -0.00496 
0.01041 0.91440 -0.00421 
0.00920 0.91440 -0.00342 
0.00802 0.91440 -0.00259 
0.00686 0.91440 -0.00172 
0.00579 0.91440 -0.00084 
0.00483 0.91440 0.00003 
0.00398 0.91440 0.00089 
0.00324 0.91440 0.00172 
0.00260 0.91440 0.00252 
0.00205 0.91440 0.00332 
0.00158 0.91440 0.00410 
0.00119 0.91440 0.00487 
0.00087 0.91440 0.00562 
0.00064 0.91440 0.00636 
0.00046 0.91440 0.00710 
0.00035 0.91440 0.00784 
0.00031 0.91440 0.00858 
0.00032 0.91440 0.00930 
0.00041 0.91440 0.01002 
0.00055 0.91440 0.01074 
0.00022 0.91440 0.01129 
-0.00053 0.91440 0.01164 
-0.00133 0.91440 0.01262 
-0.00185 0.91440 0.01398 
-0.00204 0.91440 0.01553 
-0.00186 0.91440 0.01718 
-0.00137 0.91440 0.01882 
-0.00060 0.91440 0.02038 
0.00042 0.91440 0.02186 
0.00166 0.91440 0.02322 
0.00306 0.91440 0.02444 
0.00462 0.91440 0.02552 
0.00626 0.91440 0.02644 
0.00788 0.91440 0.02721 
0.00948 0.91440 0.02784 
0.01106 0.91440 0.02839 
0.01261 0.91440 0.02886 
0.01414 0.91440 0.02927 
0.01567 0.91440 0.02964 
0.01718 0.91440 0.02997 
0.01868 0.91440 0.03028 
0.02018 0.91440 0.03057 
0.02167 0.91440 0.03083 
0.02316 0.91440 0.03108 
0.02464 0.91440 0.03131 
0.02611 0.91440 0.03152 
0.02761 0.91440 0.03172 
0.02911 0.91440 0.03185 
0.03077 0.91440 0.03198 
0.03241 0.91440 0.03176 
0.03470 0.91440 0.03148 
0.03653 0.91440 0.02978 
0.03706 0.91440 0.02829 
0.03843 0.91440 0.02833 
0.03985 0.91440 0.02856 
0.04127 0.91440 0.02878 
0.04269 0.91440 0.02899 
0.04412 0.91440 0.02919 
0.04554 0.91440 0.02939 
0.04697 0.91440 0.02957 
0.04840 0.91440 0.02975 
0.04983 0.91440 0.02992 
0.05126 0.91440 0.03008 
0.05269 0.91440 0.03023 
0.05412 0.91440 0.03038 
0.05555 0.91440 0.03052 
0.05698 0.91440 0.03066 
0.05842 0.91440 0.03079 
0.05985 0.91440 0.03091 
0.06129 0.91440 0.03103 
0.06272 0.91440 0.03114 
0.06415 0.91440 0.03125 
0.06559 0.91440 0.03135 
0.06703 0.91440 0.03144 
0.06846 0.91440 0.03154 
0.06990 0.91440 0.03162 
0.07134 0.91440 0.03170 
0.07277 0.91440 0.03178 
0.07421 0.91440 0.03185 
0.07565 0.91440 0.03192 
0.07709 0.91440 0.03198 
0.07852 0.91440 0.03204 
0.07996 0.91440 0.03209 
0.08140 0.91440 0.03214 
0.08284 0.91440 0.03218 
0.08428 0.91440 0.03223 
0.08571 0.91440 0.03226 
0.08715 0.91440 0.03230 
0.08859 0.91440 0.03233 
0.09003 0.91440 0.03235 
0.09147 0.91440 0.03238 
0.09298 0.91440 0.03240 
0.09456 0.91440 0.03241 
0.09623 0.91440 0.03243 
0.09798 0.91440 0.03244 
0.09981 0.91440 0.03244 
0.10174 0.91440 0.03244 
0.10376 0.91440 0.03243 
0.10589 0.91440 0.03242 
0.10812 0.91440 0.03240 
0.11046 0.91440 0.03237 
0.11292 0.91440 0.03233 
0.11550 0.91440 0.03228 
0.11808 0.91440 0.03222 
0.12066 0.91440 0.03215 
0.12323 0.91440 0.03208 
0.12581 0.91440 0.03200 
0.12839 0.91440 0.03191 
0.13096 0.91440 0.03181 
0.13354 0.91440 0.03170 
0.13611 0.91440 0.03159 
0.13869 0.91440 0.03147 
0.14127 0.91440 0.03134 
0.14384 0.91440 0.03121 
0.14641 0.91440 0.03107 
0.14899 0.91440 0.03092 
0.15156 0.91440 0.03077 
0.15414 0.91440 0.03061 
0.15671 0.91440 0.03045 
0.15928 0.91440 0.03027 
0.16185 0.91440 0.03010 
0.16442 0.91440 0.02992 
0.16700 0.91440 0.02973 
0.16957 0.91440 0.02954 
0.17214 0.91440 0.02934 
0.17471 0.91440 0.02913 
0.17728 0.91440 0.02893 
0.17985 0.91440 0.02871 
0.18242 0.91440 0.02849 
0.18498 0.91440 0.02827 
0.18755 0.91440 0.02804 
0.19012 0.91440 0.02781 
0.19269 0.91440 0.02757 
0.19525 0.91440 0.02733 
0.19782 0.91440 0.02708 
0.20039 0.91440 0.02683 
0.20295 0.91440 0.02658 
0.20552 0.91440 0.02632 
0.20808 0.91440 0.02606 
0.21065 0.91440 0.02579 
0.21321 0.91440 0.02552 
0.21577 0.91440 0.02525 
0.21834 0.91440 0.02497 
0.22090 0.91440 0.02469 
0.22346 0.91440 0.02440 
0.22602 0.91440 0.02411 
0.22859 0.91440 0.02382 
0.23115 0.91440 0.02353 
0.23371 0.91440 0.02323 
0.23627 0.91440 0.02292 
0.23883 0.91440 0.02262 
0.24139 0.91440 0.02231 
0.24395 0.91440 0.02200 
0.24651 0.91440 0.02168 
0.24906 0.91440 0.02136 
0.25162 0.91440 0.02104 
0.25418 0.91440 0.02072 
0.25674 0.91440 0.02039 
0.25929 0.91440 0.02006 
0.26185 0.91440 0.01973 
0.26441 0.91440 0.01939 
0.26696 0.91440 0.01905 
0.26952 0.91440 0.01871 
0.27207 0.91440 0.01837 
0.27463 0.91440 0.01802 
0.27718 0.91440 0.01767 
0.27974 0.91440 0.01732 
0.28229 0.91440 0.01696 
0.28484 0.91440 0.01661 
0.28740 0.91440 0.01625 
0.28995 0.91440 0.01589 
0.29250 0.91440 0.01552 
0.29505 0.91440 0.01516 
0.29761 0.91440 0.01479 
0.30016 0.91440 0.01442 
0.30271 0.91440 0.01404 
0.30526 0.91440 0.01367 
0.30781 0.91440 0.01329 
0.31036 0.91440 0.01291 
0.31291 0.91440 0.01253 
0.31546 0.91440 0.01214 
0.31801 0.91440 0.01176 
0.32056 0.91440 0.01137 
0.32311 0.91440 0.01098 
0.32565 0.91440 0.01059 
0.32820 0.91440 0.01019 
0.33075 0.91440 0.00980 
0.33330 0.91440 0.00940 
0.33584 0.91440 0.00900 
0.33839 0.91440 0.00860 
0.34094 0.91440 0.00819 
0.34348 0.91440 0.00779 
0.34603 0.91440 0.00738 
0.34857 0.91440 0.00697 
0.35112 0.91440 0.00656 
0.35366 0.91440 0.00615 
0.35621 0.91440 0.00573 
0.35875 0.91440 0.00531 
0.36130 0.91440 0.00489 
0.36384 0.91440 0.00447 
0.36638 0.91440 0.00405 
0.36893 0.91440 0.00363 
0.37147 0.91440 0.00320 
0.37401 0.91440 0.00278 
0.37655 0.91440 0.00235 
0.37910 0.91440 0.00192 
0.38164 0.91440 0.00149 
0.38418 0.91440 0.00105 
0.38672 0.91440 0.00062 
0.38926 0.91440 0.00018 
0.39180 0.91440 -0.00026 
0.39434 0.91440 -0.00070 
0.39688 0.91440 -0.00114 
0.39942 0.91440 -0.00159 
0.40196 0.91440 -0.00203 
0.40450 0.91440 -0.00248 
0.40704 0.91440 -0.00293 
0.40958 0.91440 -0.00338 
0.41212 0.91440 -0.00383 
0.41466 0.91440 -0.00428 
0.41719 0.91440 -0.00474 
0.41973 0.91440 -0.00519 
0.42227 0.91440 -0.00565 
0.42480 0.91440 -0.00611 
0.42734 0.91440 -0.00657 
0.42988 0.91440 -0.00704 
0.43241 0.91440 -0.00750 
0.43495 0.91440 -0.00797 
0.43748 0.91440 -0.00843 
0.44002 0.91440 -0.00890 
0.44255 0.91440 -0.00937 
0.44509 0.91440 -0.00985 
0.44762 0.91440 -0.01032 
0.45016 0.91440 -0.01080 
0.45269 0.91440 -0.01127 
0.45522 0.91440 -0.01175 
0.45776 0.91440 -0.01223 
0.46029 0.91440 -0.01272 
0.46282 0.91440 -0.01320 
0.46535 0.91440 -0.01369 
0.46789 0.91440 -0.01417 
0.47042 0.91440 -0.01466 
0.47295 0.91440 -0.01515 
0.47548 0.91440 -0.01565 
0.47801 0.91440 -0.01614 
0.48054 0.91440 -0.01664 
0.48307 0.91440 -0.01713 
0.48560 0.91440 -0.01763 
0.48813 0.91440 -0.01813 
0.49066 0.91440 -0.01864 
0.49318 0.91440 -0.01914 
0.49571 0.91440 -0.01965 
0.49824 0.91440 -0.02016 
0.50077 0.91440 -0.02067 
0.50329 0.91440 -0.02118 
0.50582 0.91440 -0.02169 
0.50835 0.91440 -0.02221 
0.51087 0.91440 -0.02273 
0.51340 0.91440 -0.02325 
0.51592 0.91440 -0.02377 
0.51845 0.91440 -0.02429 
0.52097 0.91440 -0.02482 
0.52349 0.91440 -0.02534 
0.52602 0.91440 -0.02587 
0.52854 0.91440 -0.02640 
0.53017 0.91440 -0.02675 
0.53119 0.91440 -0.02696 
0.53183 0.91440 -0.02710 
0.53222 0.91440 -0.02718 
0.53247 0.91440 -0.02724 
0.53247 0.91440 -0.02733 
0.53246 0.91440 -0.02741 
0.53245 0.91440 -0.02750 
0.53245 0.91440 -0.02759 
0.53244 0.91440 -0.02768 
0.53243 0.91440 -0.02777 
0.53243 0.91440 -0.02786 
0.53242 0.91440 -0.02795 

ZONE T="SLICE_Y_0p9144_BINS15_KS_0p5mm_SINGLE_LAYER"
0.53242 0.91440 -0.02795 
0.53242 0.91440 -0.02804 
0.53241 0.91440 -0.02813 
0.53240 0.91440 -0.02822 
0.53240 0.91440 -0.02831 
0.53239 0.91440 -0.02840 
0.53238 0.91440 -0.02849 
0.53238 0.91440 -0.02858 
0.53213 0.91440 -0.02859 
0.53172 0.91440 -0.02862 
0.53107 0.91440 -0.02867 
0.53003 0.91440 -0.02874 
0.52837 0.91440 -0.02885 
0.52580 0.91440 -0.02903 
0.52324 0.91440 -0.02920 
0.52067 0.91440 -0.02937 
0.51810 0.91440 -0.02954 
0.51553 0.91440 -0.02971 
0.51296 0.91440 -0.02987 
0.51039 0.91440 -0.03003 
0.50782 0.91440 -0.03019 
0.50525 0.91440 -0.03035 
0.50268 0.91440 -0.03051 
0.50011 0.91440 -0.03067 
0.49754 0.91440 -0.03082 
0.49497 0.91440 -0.03097 
0.49240 0.91440 -0.03112 
0.48983 0.91440 -0.03127 
0.48726 0.91440 -0.03141 
0.48469 0.91440 -0.03156 
0.48212 0.91440 -0.03170 
0.47955 0.91440 -0.03184 
0.47698 0.91440 -0.03198 
0.47441 0.91440 -0.03212 
0.47184 0.91440 -0.03225 
0.46927 0.91440 -0.03239 
0.46670 0.91440 -0.03252 
0.46413 0.91440 -0.03265 
0.46156 0.91440 -0.03278 
0.45899 0.91440 -0.03290 
0.45642 0.91440 -0.03303 
0.45384 0.91440 -0.03315 
0.45127 0.91440 -0.03327 
0.44870 0.91440 -0.03339 
0.44613 0.91440 -0.03351 
0.44356 0.91440 -0.03363 
0.44099 0.91440 -0.03374 
0.43841 0.91440 -0.03386 
0.43584 0.91440 -0.03397 
0.43327 0.91440 -0.03408 
0.43070 0.91440 -0.03419 
0.42813 0.91440 -0.03430 
0.42555 0.91440 -0.03440 
0.42298 0.91440 -0.03450 
0.42041 0.91440 -0.03461 
0.41784 0.91440 -0.03471 
0.41527 0.91440 -0.03481 
0.41269 0.91440 -0.03490 
0.41012 0.91440 -0.03500 
0.40755 0.91440 -0.03509 
0.40498 0.91440 -0.03519 
0.40240 0.91440 -0.03528 
0.39983 0.91440 -0.03537 
0.39726 0.91440 -0.03545 
0.39468 0.91440 -0.03554 
0.39211 0.91440 -0.03562 
0.38954 0.91440 -0.03571 
0.38697 0.91440 -0.03579 
0.38439 0.91440 -0.03587 
0.38182 0.91440 -0.03594 
0.37925 0.91440 -0.03602 
0.37667 0.91440 -0.03609 
0.37410 0.91440 -0.03617 
0.37153 0.91440 -0.03624 
0.36895 0.91440 -0.03631 
0.36638 0.91440 -0.03637 
0.36381 0.91440 -0.03644 
0.36123 0.91440 -0.03650 
0.35866 0.91440 -0.03657 
0.35609 0.91440 -0.03663 
0.35351 0.91440 -0.03668 
0.35094 0.91440 -0.03674 
0.34837 0.91440 -0.03680 
0.34579 0.91440 -0.03685 
0.34322 0.91440 -0.03690 
0.34064 0.91440 -0.03695 
0.33807 0.91440 -0.03700 
0.33550 0.91440 -0.03704 
0.33292 0.91440 -0.03709 
0.33035 0.91440 -0.03713 
0.32777 0.91440 -0.03717 
0.32520 0.91440 -0.03721 
0.32263 0.91440 -0.03724 
0.32005 0.91440 -0.03728 
0.31748 0.91440 -0.03731 
0.31490 0.91440 -0.03734 
0.31233 0.91440 -0.03737 
0.30976 0.91440 -0.03739 
0.30718 0.91440 -0.03742 
0.30461 0.91440 -0.03744 
0.30203 0.91440 -0.03746 
0.29946 0.91440 -0.03747 
0.29689 0.91440 -0.03749 
0.29431 0.91440 -0.03750 
0.29174 0.91440 -0.03751 
0.28916 0.91440 -0.03752 
0.28659 0.91440 -0.03753 
0.28401 0.91440 -0.03753 
0.28144 0.91440 -0.03753 
0.27887 0.91440 -0.03753 
0.27629 0.91440 -0.03752 
0.27372 0.91440 -0.03752 
0.27114 0.91440 -0.03751 
0.26857 0.91440 -0.03750 
0.26599 0.91440 -0.03748 
0.26342 0.91440 -0.03746 
0.26085 0.91440 -0.03744 
0.25827 0.91440 -0.03742 
0.25570 0.91440 -0.03740 
0.25312 0.91440 -0.03737 
0.25055 0.91440 -0.03734 
0.24798 0.91440 -0.03730 
0.24540 0.91440 -0.03727 
0.24283 0.91440 -0.03723 
0.24025 0.91440 -0.03718 
0.23768 0.91440 -0.03714 
0.23511 0.91440 -0.03709 
0.23253 0.91440 -0.03703 
0.22996 0.91440 -0.03698 
0.22738 0.91440 -0.03692 
0.22481 0.91440 -0.03686 
0.22224 0.91440 -0.03679 
0.21966 0.91440 -0.03672 
0.21709 0.91440 -0.03665 
0.21452 0.91440 -0.03657 
0.21195 0.91440 -0.03649 
0.20937 0.91440 -0.03641 
0.20680 0.91440 -0.03632 
0.20423 0.91440 -0.03622 
0.20165 0.91440 -0.03613 
0.19908 0.91440 -0.03603 
0.19651 0.91440 -0.03592 
0.19394 0.91440 -0.03582 
0.19137 0.91440 -0.03570 
0.18879 0.91440 -0.03559 
0.18622 0.91440 -0.03546 
0.18365 0.91440 -0.03534 
0.18108 0.91440 -0.03521 
0.17851 0.91440 -0.03507 
0.17594 0.91440 -0.03493 
0.17337 0.91440 -0.03479 
0.17080 0.91440 -0.03464 
0.16823 0.91440 -0.03448 
0.16566 0.91440 -0.03432 
0.16309 0.91440 -0.03416 
0.16052 0.91440 -0.03399 
0.15796 0.91440 -0.03381 
0.15539 0.91440 -0.03363 
0.15282 0.91440 -0.03344 
0.15025 0.91440 -0.03325 
0.14769 0.91440 -0.03305 
0.14512 0.91440 -0.03285 
0.14255 0.91440 -0.03263 
0.13999 0.91440 -0.03242 
0.13743 0.91440 -0.03219 
0.13486 0.91440 -0.03196 
0.13230 0.91440 -0.03172 
0.12974 0.91440 -0.03148 
0.12717 0.91440 -0.03123 
0.12461 0.91440 -0.03097 
0.12205 0.91440 -0.03070 
0.11949 0.91440 -0.03043 
0.11693 0.91440 -0.03015 
0.11438 0.91440 -0.02986 
0.11182 0.91440 -0.02956 
0.10924 0.91440 -0.02925 
0.10679 0.91440 -0.02894 
0.10445 0.91440 -0.02865 
0.10222 0.91440 -0.02836 
0.10011 0.91440 -0.02808 
0.09809 0.91440 -0.02780 
0.09617 0.91440 -0.02754 
0.09434 0.91440 -0.02728 
0.09260 0.91440 -0.02702 
0.09095 0.91440 -0.02678 
0.08937 0.91440 -0.02654 
0.08787 0.91440 -0.02631 
0.08644 0.91440 -0.02609 
0.08501 0.91440 -0.02586 
0.08359 0.91440 -0.02563 
0.08216 0.91440 -0.02540 
0.08073 0.91440 -0.02516 
0.07931 0.91440 -0.02492 
0.07788 0.91440 -0.02467 
0.07646 0.91440 -0.02442 
0.07503 0.91440 -0.02417 
0.07361 0.91440 -0.02391 
0.07219 0.91440 -0.02365 
0.07077 0.91440 -0.02339 
0.06935 0.91440 -0.02312 
0.06793 0.91440 -0.02284 
0.06651 0.91440 -0.02256 
0.06509 0.91440 -0.02228 
0.06367 0.91440 -0.02199 
0.06226 0.91440 -0.02169 
0.06084 0.91440 -0.02139 
0.05943 0.91440 -0.02109 
0.05802 0.91440 -0.02078 
0.05660 0.91440 -0.02046 
0.05519 0.91440 -0.02014 
0.05379 0.91440 -0.01981 
0.05238 0.91440 -0.01948 
0.05097 0.91440 -0.01914 
0.04957 0.91440 -0.01879 
0.04817 0.91440 -0.01844 
0.04677 0.91440 -0.01808 
0.04537 0.91440 -0.01771 
0.04397 0.91440 -0.01734 
0.04258 0.91440 -0.01695 
0.04118 0.91440 -0.01656 
0.03979 0.91440 -0.01617 
0.03841 0.91440 -0.01576 
0.03702 0.91440 -0.01534 
0.03564 0.91440 -0.01492 
0.03426 0.91440 -0.01448 
0.03288 0.91440 -0.01404 
0.03151 0.91440 -0.01358 
0.03014 0.91440 -0.01312 
0.02878 0.91440 -0.01264 
0.02742 0.91440 -0.01215 
0.02606 0.91440 -0.01164 
0.02471 0.91440 -0.01113 
0.02337 0.91440 -0.01060 
0.02203 0.91440 -0.01005 
0.02070 0.91440 -0.00949 
0.01937 0.91440 -0.00890 
0.01806 0.91440 -0.00830 
0.01675 0.91440 -0.00768 
0.01545 0.91440 -0.00704 
0.01417 0.91440 -0.00637 
0.01290 0.91440 -0.00568 
0.01165 0.91440 -0.00496 
0.01041 0.91440 -0.00421 
0.00920 0.91440 -0.00342 
0.00802 0.91440 -0.00259 
0.00686 0.91440 -0.00172 
0.00579 0.91440 -0.00084 
0.00483 0.91440 0.00003 
0.00398 0.91440 0.00089 
0.00324 0.91440 0.00172 
0.00260 0.91440 0.00252 
0.00205 0.91440 0.00332 
0.00158 0.91440 0.00410 
0.00119 0.91440 0.00487 
0.00087 0.91440 0.00562 
0.00064 0.91440 0.00636 
0.00046 0.91440 0.00710 
0.00035 0.91440 0.00784 
0.00031 0.91440 0.00858 
0.00032 0.91440 0.00930 
0.00041 0.91440 0.01002 
0.00055 0.91440 0.01074 
0.00022 0.91440 0.01129 
-0.00053 0.91440 0.01164 
-0.00133 0.91440 0.01261 
-0.00185 0.91440 0.01397 
-0.00204 0.91440 0.01553 
-0.00186 0.91440 0.01718 
-0.00137 0.91440 0.01882 
-0.00060 0.91440 0.02038 
0.00042 0.91440 0.02186 
0.00166 0.91440 0.02322 
0.00306 0.91440 0.02444 
0.00462 0.91440 0.02552 
0.00626 0.91440 0.02644 
0.00788 0.91440 0.02721 
0.00948 0.91440 0.02784 
0.01106 0.91440 0.02839 
0.01261 0.91440 0.02886 
0.01414 0.91440 0.02927 
0.01567 0.91440 0.02964 
0.01718 0.91440 0.02998 
0.01868 0.91440 0.03028 
0.02018 0.91440 0.03057 
0.02167 0.91440 0.03083 
0.02316 0.91440 0.03108 
0.02464 0.91440 0.03131 
0.02611 0.91440 0.03152 
0.02761 0.91440 0.03172 
0.02911 0.91440 0.03185 
0.03077 0.91440 0.03198 
0.03241 0.91440 0.03176 
0.03471 0.91440 0.03148 
0.03652 0.91440 0.02977 
0.03705 0.91440 0.02828 
0.03843 0.91440 0.02833 
0.03985 0.91440 0.02856 
0.04127 0.91440 0.02878 
0.04269 0.91440 0.02899 
0.04412 0.91440 0.02919 
0.04554 0.91440 0.02939 
0.04697 0.91440 0.02957 
0.04840 0.91440 0.02975 
0.04983 0.91440 0.02992 
0.05126 0.91440 0.03008 
0.05269 0.91440 0.03023 
0.05412 0.91440 0.03038 
0.05555 0.91440 0.03052 
0.05698 0.91440 0.03066 
0.05842 0.91440 0.03079 
0.05985 0.91440 0.03091 
0.06129 0.91440 0.03103 
0.06272 0.91440 0.03114 
0.06415 0.91440 0.03125 
0.06559 0.91440 0.03135 
0.06703 0.91440 0.03144 
0.06846 0.91440 0.03154 
0.06990 0.91440 0.03162 
0.07134 0.91440 0.03170 
0.07277 0.91440 0.03178 
0.07421 0.91440 0.03185 
0.07565 0.91440 0.03192 
0.07709 0.91440 0.03198 
0.07852 0.91440 0.03204 
0.07996 0.91440 0.03209 
0.08140 0.91440 0.03214 
0.08284 0.91440 0.03218 
0.08428 0.91440 0.03223 
0.08571 0.91440 0.03226 
0.08715 0.91440 0.03230 
0.08859 0.91440 0.03233 
0.09003 0.91440 0.03235 
0.09147 0.91440 0.03238 
0.09298 0.91440 0.03240 
0.09456 0.91440 0.03241 
0.09623 0.91440 0.03243 
0.09798 0.91440 0.03244 
0.09981 0.91440 0.03244 
0.10174 0.91440 0.03244 
0.10376 0.91440 0.03243 
0.10589 0.91440 0.03242 
0.10812 0.91440 0.03240 
0.11046 0.91440 0.03237 
0.11292 0.91440 0.03233 
0.11550 0.91440 0.03228 
0.11808 0.91440 0.03222 
0.12066 0.91440 0.03215 
0.12323 0.91440 0.03208 
0.12581 0.91440 0.03200 
0.12839 0.91440 0.03191 
0.13096 0.91440 0.03181 
0.13354 0.91440 0.03170 
0.13611 0.91440 0.03159 
0.13869 0.91440 0.03147 
0.14127 0.91440 0.03134 
0.14384 0.91440 0.03121 
0.14641 0.91440 0.03107 
0.14899 0.91440 0.03092 
0.15156 0.91440 0.03077 
0.15414 0.91440 0.03061 
0.15671 0.91440 0.03045 
0.15928 0.91440 0.03027 
0.16185 0.91440 0.03010 
0.16442 0.91440 0.02992 
0.16700 0.91440 0.02973 
0.16957 0.91440 0.02954 
0.17214 0.91440 0.02934 
0.17471 0.91440 0.02913 
0.17728 0.91440 0.02893 
0.17985 0.91440 0.02871 
0.18242 0.91440 0.02849 
0.18498 0.91440 0.02827 
0.18755 0.91440 0.02804 
0.19012 0.91440 0.02781 
0.19269 0.91440 0.02757 
0.19525 0.91440 0.02733 
0.19782 0.91440 0.02708 
0.20039 0.91440 0.02683 
0.20295 0.91440 0.02658 
0.20552 0.91440 0.02632 
0.20808 0.91440 0.02606 
0.21065 0.91440 0.02579 
0.21321 0.91440 0.02552 
0.21577 0.91440 0.02525 
0.21834 0.91440 0.02497 
0.22090 0.91440 0.02469 
0.22346 0.91440 0.02440 
0.22602 0.91440 0.02411 
0.22859 0.91440 0.02382 
0.23115 0.91440 0.02353 
0.23371 0.91440 0.02323 
0.23627 0.91440 0.02292 
0.23883 0.91440 0.02262 
0.24139 0.91440 0.02231 
0.24395 0.91440 0.02200 
0.24651 0.91440 0.02168 
0.24906 0.91440 0.02136 
0.25162 0.91440 0.02104 
0.25418 0.91440 0.02072 
0.25674 0.91440 0.02039 
0.25929 0.91440 0.02006 
0.26185 0.91440 0.01973 
0.26441 0.91440 0.01939 
0.26696 0.91440 0.01905 
0.26952 0.91440 0.01871 
0.27207 0.91440 0.01837 
0.27463 0.91440 0.01802 
0.27718 0.91440 0.01767 
0.27974 0.91440 0.01732 
0.28229 0.91440 0.01696 
0.28484 0.91440 0.01661 
0.28740 0.91440 0.01625 
0.28995 0.91440 0.01589 
0.29250 0.91440 0.01552 
0.29505 0.91440 0.01516 
0.29761 0.91440 0.01479 
0.30016 0.91440 0.01442 
0.30271 0.91440 0.01404 
0.30526 0.91440 0.01367 
0.30781 0.91440 0.01329 
0.31036 0.91440 0.01291 
0.31291 0.91440 0.01253 
0.31546 0.91440 0.01214 
0.31801 0.91440 0.01176 
0.32056 0.91440 0.01137 
0.32311 0.91440 0.01098 
0.32565 0.91440 0.01059 
0.32820 0.91440 0.01019 
0.33075 0.91440 0.00980 
0.33330 0.91440 0.00940 
0.33584 0.91440 0.00900 
0.33839 0.91440 0.00860 
0.34094 0.91440 0.00819 
0.34348 0.91440 0.00779 
0.34603 0.91440 0.00738 
0.34857 0.91440 0.00697 
0.35112 0.91440 0.00656 
0.35366 0.91440 0.00615 
0.35621 0.91440 0.00573 
0.35875 0.91440 0.00531 
0.36130 0.91440 0.00489 
0.36384 0.91440 0.00447 
0.36638 0.91440 0.00405 
0.36893 0.91440 0.00363 
0.37147 0.91440 0.00320 
0.37401 0.91440 0.00278 
0.37655 0.91440 0.00235 
0.37910 0.91440 0.00192 
0.38164 0.91440 0.00149 
0.38418 0.91440 0.00105 
0.38672 0.91440 0.00062 
0.38926 0.91440 0.00018 
0.39180 0.91440 -0.00026 
0.39434 0.91440 -0.00070 
0.39688 0.91440 -0.00114 
0.39942 0.91440 -0.00159 
0.40196 0.91440 -0.00203 
0.40450 0.91440 -0.00248 
0.40704 0.91440 -0.00293 
0.40958 0.91440 -0.00338 
0.41212 0.91440 -0.00383 
0.41466 0.91440 -0.00428 
0.41719 0.91440 -0.00474 
0.41973 0.91440 -0.00519 
0.42227 0.91440 -0.00565 
0.42480 0.91440 -0.00611 
0.42734 0.91440 -0.00657 
0.42988 0.91440 -0.00704 
0.43241 0.91440 -0.00750 
0.43495 0.91440 -0.00797 
0.43748 0.91440 -0.00843 
0.44002 0.91440 -0.00890 
0.44255 0.91440 -0.00937 
0.44509 0.91440 -0.00985 
0.44762 0.91440 -0.01032 
0.45016 0.91440 -0.01080 
0.45269 0.91440 -0.01127 
0.45522 0.91440 -0.01175 
0.45776 0.91440 -0.01223 
0.46029 0.91440 -0.01272 
0.46282 0.91440 -0.01320 
0.46535 0.91440 -0.01369 
0.46789 0.91440 -0.01417 
0.47042 0.91440 -0.01466 
0.47295 0.91440 -0.01515 
0.47548 0.91440 -0.01565 
0.47801 0.91440 -0.01614 
0.48054 0.91440 -0.01664 
0.48307 0.91440 -0.01713 
0.48560 0.91440 -0.01763 
0.48813 0.91440 -0.01813 
0.49066 0.91440 -0.01864 
0.49318 0.91440 -0.01914 
0.49571 0.91440 -0.01965 
0.49824 0.91440 -0.02016 
0.50077 0.91440 -0.02067 
0.50329 0.91440 -0.02118 
0.50582 0.91440 -0.02169 
0.50835 0.91440 -0.02221 
0.51087 0.91440 -0.02273 
0.51340 0.91440 -0.02325 
0.51592 0.91440 -0.02377 
0.51845 0.91440 -0.02429 
0.52097 0.91440 -0.02482 
0.52349 0.91440 -0.02534 
0.52602 0.91440 -0.02587 
0.52854 0.91440 -0.02640 
0.53017 0.91440 -0.02675 
0.53119 0.91440 -0.02696 
0.53183 0.91440 -0.02710 
0.53222 0.91440 -0.02718 
0.53247 0.91440 -0.02724 
0.53247 0.91440 -0.02733 
0.53246 0.91440 -0.02741 
0.53245 0.91440 -0.02750 
0.53245 0.91440 -0.02759 
0.53244 0.91440 -0.02768 
0.53243 0.91440 -0.02777 
0.53243 0.91440 -0.02786 
0.53242 0.91440 -0.02795 

ZONE T="SLICE_Y_0p9144_BINS07_KS_0p5mm_FINAL_LAYER"
0.53243 0.91440 -0.02798 
0.53243 0.91440 -0.02798 
0.53242 0.91440 -0.02813 
0.53242 0.91440 -0.02813 
0.53241 0.91440 -0.02827 
0.53241 0.91440 -0.02827 
0.53240 0.91440 -0.02842 
0.53240 0.91440 -0.02842 
0.53238 0.91440 -0.02857 
0.53238 0.91440 -0.02857 
0.53230 0.91440 -0.02858 
0.53230 0.91440 -0.02858 
0.53220 0.91440 -0.02859 
0.53220 0.91440 -0.02859 
0.53206 0.91440 -0.02860 
0.53206 0.91440 -0.02860 
0.53188 0.91440 -0.02861 
0.53188 0.91440 -0.02861 
0.53166 0.91440 -0.02862 
0.53166 0.91440 -0.02862 
0.53140 0.91440 -0.02864 
0.53140 0.91440 -0.02864 
0.53110 0.91440 -0.02866 
0.53110 0.91440 -0.02866 
0.53076 0.91440 -0.02869 
0.53076 0.91440 -0.02869 
0.53038 0.91440 -0.02871 
0.53038 0.91440 -0.02871 
0.52996 0.91440 -0.02874 
0.52996 0.91440 -0.02874 
0.52950 0.91440 -0.02877 
0.52950 0.91440 -0.02877 
0.52900 0.91440 -0.02881 
0.52900 0.91440 -0.02881 
0.52846 0.91440 -0.02884 
0.52846 0.91440 -0.02884 
0.52788 0.91440 -0.02888 
0.52788 0.91440 -0.02888 
0.52726 0.91440 -0.02893 
0.52726 0.91440 -0.02893 
0.52660 0.91440 -0.02897 
0.52660 0.91440 -0.02897 
0.52591 0.91440 -0.02902 
0.52591 0.91440 -0.02902 
0.52517 0.91440 -0.02907 
0.52517 0.91440 -0.02907 
0.52440 0.91440 -0.02912 
0.52440 0.91440 -0.02912 
0.52358 0.91440 -0.02917 
0.52358 0.91440 -0.02917 
0.52273 0.91440 -0.02923 
0.52273 0.91440 -0.02923 
0.52184 0.91440 -0.02929 
0.52184 0.91440 -0.02929 
0.52091 0.91440 -0.02935 
0.52091 0.91440 -0.02935 
0.51994 0.91440 -0.02942 
0.51994 0.91440 -0.02942 
0.51893 0.91440 -0.02948 
0.51893 0.91440 -0.02948 
0.51789 0.91440 -0.02955 
0.51789 0.91440 -0.02955 
0.51680 0.91440 -0.02962 
0.51680 0.91440 -0.02962 
0.51568 0.91440 -0.02969 
0.51568 0.91440 -0.02969 
0.51452 0.91440 -0.02977 
0.51452 0.91440 -0.02977 
0.51333 0.91440 -0.02984 
0.51333 0.91440 -0.02984 
0.51210 0.91440 -0.02992 
0.51210 0.91440 -0.02992 
0.51083 0.91440 -0.03000 
0.51083 0.91440 -0.03000 
0.50952 0.91440 -0.03009 
0.50952 0.91440 -0.03009 
0.50817 0.91440 -0.03017 
0.50817 0.91440 -0.03017 
0.50679 0.91440 -0.03026 
0.50679 0.91440 -0.03026 
0.50538 0.91440 -0.03034 
0.50538 0.91440 -0.03034 
0.50393 0.91440 -0.03043 
0.50393 0.91440 -0.03043 
0.50244 0.91440 -0.03052 
0.50244 0.91440 -0.03052 
0.50091 0.91440 -0.03061 
0.50091 0.91440 -0.03061 
0.49935 0.91440 -0.03071 
0.49935 0.91440 -0.03071 
0.49776 0.91440 -0.03080 
0.49776 0.91440 -0.03080 
0.49613 0.91440 -0.03090 
0.49613 0.91440 -0.03090 
0.49447 0.91440 -0.03100 
0.49447 0.91440 -0.03100 
0.49277 0.91440 -0.03110 
0.49277 0.91440 -0.03110 
0.49104 0.91440 -0.03120 
0.49104 0.91440 -0.03120 
0.48927 0.91440 -0.03130 
0.48927 0.91440 -0.03130 
0.48747 0.91440 -0.03140 
0.48747 0.91440 -0.03140 
0.48564 0.91440 -0.03150 
0.48564 0.91440 -0.03150 
0.48377 0.91440 -0.03161 
0.48377 0.91440 -0.03161 
0.48187 0.91440 -0.03171 
0.48187 0.91440 -0.03171 
0.47994 0.91440 -0.03182 
0.47994 0.91440 -0.03182 
0.47798 0.91440 -0.03192 
0.47798 0.91440 -0.03192 
0.47598 0.91440 -0.03203 
0.47598 0.91440 -0.03203 
0.47395 0.91440 -0.03214 
0.47395 0.91440 -0.03214 
0.47189 0.91440 -0.03225 
0.47189 0.91440 -0.03225 
0.46981 0.91440 -0.03235 
0.46980 0.91440 -0.03235 
0.46768 0.91440 -0.03246 
0.46768 0.91440 -0.03246 
0.46553 0.91440 -0.03257 
0.46553 0.91440 -0.03257 
0.46335 0.91440 -0.03268 
0.46335 0.91440 -0.03268 
0.46114 0.91440 -0.03279 
0.46114 0.91440 -0.03279 
0.45890 0.91440 -0.03290 
0.45890 0.91440 -0.03290 
0.45664 0.91440 -0.03301 
0.45663 0.91440 -0.03301 
0.45434 0.91440 -0.03312 
0.45434 0.91440 -0.03312 
0.45201 0.91440 -0.03324 
0.45201 0.91440 -0.03324 
0.44966 0.91440 -0.03335 
0.44966 0.91440 -0.03335 
0.44728 0.91440 -0.03346 
0.44728 0.91440 -0.03346 
0.44487 0.91440 -0.03357 
0.44487 0.91440 -0.03357 
0.44243 0.91440 -0.03368 
0.44243 0.91440 -0.03368 
0.43997 0.91440 -0.03379 
0.43997 0.91440 -0.03379 
0.43748 0.91440 -0.03389 
0.43748 0.91440 -0.03389 
0.43497 0.91440 -0.03400 
0.43497 0.91440 -0.03400 
0.43243 0.91440 -0.03411 
0.43243 0.91440 -0.03411 
0.42987 0.91440 -0.03422 
0.42986 0.91440 -0.03422 
0.42728 0.91440 -0.03433 
0.42728 0.91440 -0.03433 
0.42466 0.91440 -0.03443 
0.42466 0.91440 -0.03443 
0.42203 0.91440 -0.03454 
0.42203 0.91440 -0.03454 
0.41936 0.91440 -0.03464 
0.41936 0.91440 -0.03464 
0.41668 0.91440 -0.03475 
0.41668 0.91440 -0.03475 
0.41397 0.91440 -0.03485 
0.41397 0.91440 -0.03485 
0.41125 0.91440 -0.03495 
0.41125 0.91440 -0.03495 
0.40850 0.91440 -0.03506 
0.40850 0.91440 -0.03506 
0.40572 0.91440 -0.03516 
0.40572 0.91440 -0.03516 
0.40293 0.91440 -0.03525 
0.40293 0.91440 -0.03525 
0.40012 0.91440 -0.03535 
0.40012 0.91440 -0.03535 
0.39728 0.91440 -0.03545 
0.39728 0.91440 -0.03545 
0.39443 0.91440 -0.03554 
0.39443 0.91440 -0.03554 
0.39156 0.91440 -0.03564 
0.39156 0.91440 -0.03564 
0.38867 0.91440 -0.03573 
0.38867 0.91440 -0.03573 
0.38576 0.91440 -0.03582 
0.38576 0.91440 -0.03582 
0.38283 0.91440 -0.03591 
0.38283 0.91440 -0.03591 
0.37988 0.91440 -0.03600 
0.37988 0.91440 -0.03600 
0.37692 0.91440 -0.03608 
0.37692 0.91440 -0.03608 
0.37394 0.91440 -0.03617 
0.37394 0.91440 -0.03617 
0.37094 0.91440 -0.03625 
0.37094 0.91440 -0.03625 
0.36793 0.91440 -0.03633 
0.36793 0.91440 -0.03633 
0.36491 0.91440 -0.03641 
0.36491 0.91440 -0.03641 
0.36186 0.91440 -0.03648 
0.36186 0.91440 -0.03648 
0.35881 0.91440 -0.03656 
0.35881 0.91440 -0.03656 
0.35574 0.91440 -0.03663 
0.35574 0.91440 -0.03663 
0.35266 0.91440 -0.03670 
0.35266 0.91440 -0.03670 
0.34956 0.91440 -0.03677 
0.34956 0.91440 -0.03677 
0.34645 0.91440 -0.03683 
0.34645 0.91440 -0.03683 
0.34333 0.91440 -0.03689 
0.34333 0.91440 -0.03689 
0.34020 0.91440 -0.03696 
0.34020 0.91440 -0.03696 
0.33705 0.91440 -0.03701 
0.33705 0.91440 -0.03701 
0.33390 0.91440 -0.03707 
0.33390 0.91440 -0.03707 
0.33073 0.91440 -0.03712 
0.33073 0.91440 -0.03712 
0.32756 0.91440 -0.03717 
0.32756 0.91440 -0.03717 
0.32438 0.91440 -0.03722 
0.32438 0.91440 -0.03722 
0.32118 0.91440 -0.03726 
0.32118 0.91440 -0.03726 
0.31798 0.91440 -0.03730 
0.31798 0.91440 -0.03730 
0.31477 0.91440 -0.03734 
0.31477 0.91440 -0.03734 
0.31156 0.91440 -0.03737 
0.31156 0.91440 -0.03737 
0.30834 0.91440 -0.03740 
0.30834 0.91440 -0.03740 
0.30511 0.91440 -0.03743 
0.30511 0.91440 -0.03743 
0.30187 0.91440 -0.03745 
0.30187 0.91440 -0.03745 
0.29863 0.91440 -0.03748 
0.29863 0.91440 -0.03748 
0.29539 0.91440 -0.03749 
0.29539 0.91440 -0.03749 
0.29214 0.91440 -0.03751 
0.29214 0.91440 -0.03751 
0.28888 0.91440 -0.03752 
0.28888 0.91440 -0.03752 
0.28563 0.91440 -0.03752 
0.28563 0.91440 -0.03752 
0.28237 0.91440 -0.03753 
0.28237 0.91440 -0.03753 
0.27911 0.91440 -0.03752 
0.27911 0.91440 -0.03752 
0.27584 0.91440 -0.03752 
0.27584 0.91440 -0.03752 
0.27258 0.91440 -0.03751 
0.27258 0.91440 -0.03751 
0.26931 0.91440 -0.03750 
0.26931 0.91440 -0.03750 
0.26604 0.91440 -0.03748 
0.26604 0.91440 -0.03748 
0.26278 0.91440 -0.03746 
0.26278 0.91440 -0.03746 
0.25951 0.91440 -0.03743 
0.25951 0.91440 -0.03743 
0.25489 0.91440 -0.03738 
0.25248 0.91440 -0.03735 
0.25102 0.91440 -0.03734 
0.24870 0.91440 -0.03731 
0.24775 0.91440 -0.03729 
0.24714 0.91440 -0.03729 
0.24423 0.91440 -0.03724 
0.24331 0.91440 -0.03723 
0.24101 0.91440 -0.03719 
0.23944 0.91440 -0.03716 
0.23828 0.91440 -0.03714 
0.23615 0.91440 -0.03710 
0.23532 0.91440 -0.03709 
0.23377 0.91440 -0.03706 
0.23247 0.91440 -0.03703 
0.23178 0.91440 -0.03701 
0.23069 0.91440 -0.03699 
0.22961 0.91440 -0.03697 
0.22816 0.91440 -0.03693 
0.22740 0.91440 -0.03692 
0.22634 0.91440 -0.03689 
0.22495 0.91440 -0.03686 
0.22357 0.91440 -0.03682 
0.22227 0.91440 -0.03679 
0.22088 0.91440 -0.03675 
0.21982 0.91440 -0.03672 
0.21810 0.91440 -0.03667 
0.21735 0.91440 -0.03665 
0.21590 0.91440 -0.03661 
0.21562 0.91440 -0.03660 
0.21426 0.91440 -0.03656 
0.21338 0.91440 -0.03653 
0.21220 0.91440 -0.03649 
0.21119 0.91440 -0.03646 
0.20990 0.91440 -0.03642 
0.20866 0.91440 -0.03638 
0.20756 0.91440 -0.03634 
0.20698 0.91440 -0.03632 
0.20563 0.91440 -0.03627 
0.20485 0.91440 -0.03624 
0.20292 0.91440 -0.03617 
0.20291 0.91440 -0.03617 
0.20290 0.91440 -0.03617 
0.20129 0.91440 -0.03611 
0.19923 0.91440 -0.03603 
0.19883 0.91440 -0.03602 
0.19857 0.91440 -0.03601 
0.19798 0.91440 -0.03598 
0.19673 0.91440 -0.03593 
0.19577 0.91440 -0.03589 
0.19442 0.91440 -0.03583 
0.19357 0.91440 -0.03580 
0.19183 0.91440 -0.03572 
0.19157 0.91440 -0.03571 
0.19141 0.91440 -0.03570 
0.18955 0.91440 -0.03562 
0.18820 0.91440 -0.03556 
0.18759 0.91440 -0.03553 
0.18570 0.91440 -0.03544 
0.18558 0.91440 -0.03543 
0.18554 0.91440 -0.03543 
0.18317 0.91440 -0.03531 
0.18311 0.91440 -0.03531 
0.18301 0.91440 -0.03530 
0.18098 0.91440 -0.03520 
0.17962 0.91440 -0.03513 
0.17924 0.91440 -0.03511 
0.17860 0.91440 -0.03508 
0.17766 0.91440 -0.03503 
0.17707 0.91440 -0.03499 
0.17599 0.91440 -0.03493 
0.17438 0.91440 -0.03484 
0.17377 0.91440 -0.03481 
0.17183 0.91440 -0.03470 
0.17160 0.91440 -0.03468 
0.17097 0.91440 -0.03465 
0.17004 0.91440 -0.03459 
0.16933 0.91440 -0.03455 
0.16837 0.91440 -0.03449 
0.16791 0.91440 -0.03446 
0.16637 0.91440 -0.03437 
0.16509 0.91440 -0.03429 
0.16446 0.91440 -0.03425 
0.16311 0.91440 -0.03416 
0.16268 0.91440 -0.03413 
0.16207 0.91440 -0.03409 
0.16054 0.91440 -0.03399 
0.16013 0.91440 -0.03396 
0.15918 0.91440 -0.03390 
0.15818 0.91440 -0.03383 
0.15719 0.91440 -0.03376 
0.15649 0.91440 -0.03371 
0.15624 0.91440 -0.03370 
0.15554 0.91440 -0.03365 
0.15421 0.91440 -0.03355 
0.15361 0.91440 -0.03351 
0.15248 0.91440 -0.03342 
0.15154 0.91440 -0.03335 
0.15066 0.91440 -0.03328 
0.14925 0.91440 -0.03317 
0.14857 0.91440 -0.03312 
0.14808 0.91440 -0.03308 
0.14673 0.91440 -0.03298 
0.14529 0.91440 -0.03286 
0.14454 0.91440 -0.03280 
0.14312 0.91440 -0.03268 
0.14193 0.91440 -0.03258 
0.14051 0.91440 -0.03246 
0.13957 0.91440 -0.03238 
0.13817 0.91440 -0.03226 
0.13746 0.91440 -0.03220 
0.13560 0.91440 -0.03203 
0.13508 0.91440 -0.03198 
0.13413 0.91440 -0.03190 
0.13333 0.91440 -0.03182 
0.13274 0.91440 -0.03177 
0.13134 0.91440 -0.03163 
0.13010 0.91440 -0.03152 
0.12944 0.91440 -0.03145 
0.12851 0.91440 -0.03136 
0.12716 0.91440 -0.03123 
0.12675 0.91440 -0.03118 
0.12528 0.91440 -0.03103 
0.12384 0.91440 -0.03088 
0.12331 0.91440 -0.03083 
0.12140 0.91440 -0.03063 
0.12108 0.91440 -0.03059 
0.11903 0.91440 -0.03037 
0.11880 0.91440 -0.03035 
0.11849 0.91440 -0.03032 
0.11661 0.91440 -0.03011 
0.11489 0.91440 -0.02992 
0.11451 0.91440 -0.02987 
0.11391 0.91440 -0.02980 
0.11281 0.91440 -0.02968 
0.11217 0.91440 -0.02960 
0.11127 0.91440 -0.02949 
0.10995 0.91440 -0.02934 
0.10936 0.91440 -0.02926 
0.10829 0.91440 -0.02913 
0.10751 0.91440 -0.02904 
0.10696 0.91440 -0.02897 
0.10556 0.91440 -0.02879 
0.10378 0.91440 -0.02856 
0.10323 0.91440 -0.02849 
0.10238 0.91440 -0.02838 
0.10113 0.91440 -0.02822 
0.10052 0.91440 -0.02813 
0.09928 0.91440 -0.02797 
0.09849 0.91440 -0.02786 
0.09707 0.91440 -0.02766 
0.09642 0.91440 -0.02757 
0.09571 0.91440 -0.02747 
0.09430 0.91440 -0.02727 
0.09302 0.91440 -0.02709 
0.09236 0.91440 -0.02699 
0.09086 0.91440 -0.02678 
0.09076 0.91440 -0.02676 
0.08939 0.91440 -0.02656 
0.08837 0.91440 -0.02640 
0.08745 0.91440 -0.02626 
0.08621 0.91440 -0.02607 
0.08527 0.91440 -0.02592 
0.08418 0.91440 -0.02574 
0.08355 0.91440 -0.02564 
0.08309 0.91440 -0.02557 
0.08193 0.91440 -0.02537 
0.08109 0.91440 -0.02523 
0.08048 0.91440 -0.02513 
0.07915 0.91440 -0.02490 
0.07890 0.91440 -0.02486 
0.07869 0.91440 -0.02482 
0.07725 0.91440 -0.02457 
0.07657 0.91440 -0.02445 
0.07493 0.91440 -0.02416 
0.07481 0.91440 -0.02414 
0.07475 0.91440 -0.02412 
0.07289 0.91440 -0.02378 
0.07205 0.91440 -0.02363 
0.07052 0.91440 -0.02334 
0.07006 0.91440 -0.02326 
0.06892 0.91440 -0.02304 
0.06800 0.91440 -0.02286 
0.06751 0.91440 -0.02276 
0.06605 0.91440 -0.02247 
0.06437 0.91440 -0.02214 
0.06402 0.91440 -0.02206 
0.06339 0.91440 -0.02193 
0.06197 0.91440 -0.02163 
0.06120 0.91440 -0.02147 
0.06000 0.91440 -0.02121 
0.05799 0.91440 -0.02077 
0.05783 0.91440 -0.02074 
0.05726 0.91440 -0.02061 
0.05567 0.91440 -0.02025 
0.05533 0.91440 -0.02017 
0.05436 0.91440 -0.01995 
0.05356 0.91440 -0.01976 
0.05270 0.91440 -0.01956 
0.05194 0.91440 -0.01937 
0.05159 0.91440 -0.01929 
0.05023 0.91440 -0.01895 
0.04871 0.91440 -0.01857 
0.04837 0.91440 -0.01848 
0.04787 0.91440 -0.01836 
0.04674 0.91440 -0.01806 
0.04597 0.91440 -0.01786 
0.04488 0.91440 -0.01757 
0.04338 0.91440 -0.01717 
0.04320 0.91440 -0.01712 
0.04288 0.91440 -0.01703 
0.04146 0.91440 -0.01663 
0.04036 0.91440 -0.01632 
0.03972 0.91440 -0.01613 
0.03917 0.91440 -0.01597 
0.03808 0.91440 -0.01565 
0.03640 0.91440 -0.01514 
0.03607 0.91440 -0.01504 
0.03574 0.91440 -0.01493 
0.03389 0.91440 -0.01435 
0.03287 0.91440 -0.01402 
0.03184 0.91440 -0.01368 
0.03033 0.91440 -0.01317 
0.02990 0.91440 -0.01303 
0.02878 0.91440 -0.01264 
0.02829 0.91440 -0.01247 
0.02813 0.91440 -0.01241 
0.02655 0.91440 -0.01185 
0.02567 0.91440 -0.01152 
0.02484 0.91440 -0.01120 
0.02407 0.91440 -0.01090 
0.02281 0.91440 -0.01039 
0.02182 0.91440 -0.00997 
0.02102 0.91440 -0.00963 
0.01941 0.91440 -0.00892 
0.01900 0.91440 -0.00874 
0.01865 0.91440 -0.00858 
0.01704 0.91440 -0.00785 
0.01548 0.91440 -0.00709 
0.01521 0.91440 -0.00696 
0.01477 0.91440 -0.00672 
0.01362 0.91440 -0.00611 
0.01286 0.91440 -0.00568 
0.01235 0.91440 -0.00539 
0.01205 0.91440 -0.00522 
0.01067 0.91440 -0.00438 
0.00981 0.91440 -0.00384 
0.00896 0.91440 -0.00328 
0.00734 0.91440 -0.00213 
0.00730 0.91440 -0.00210 
0.00725 0.91440 -0.00206 
0.00567 0.91440 -0.00080 
0.00444 0.91440 0.00040 
0.00390 0.91440 0.00092 
0.00350 0.91440 0.00142 
0.00276 0.91440 0.00237 
0.00236 0.91440 0.00295 
0.00174 0.91440 0.00414 
0.00142 0.91440 0.00474 
0.00123 0.91440 0.00535 
0.00092 0.91440 0.00647 
0.00078 0.91440 0.00775 
0.00074 0.91440 0.00874 
0.00074 0.91440 0.01020 
0.00075 0.91440 0.01146 
0.00076 0.91440 0.01184 
0.00073 0.91440 0.01314 
0.00043 0.91440 0.01437 
0.00023 0.91440 0.01507 
-0.00079 0.91440 0.01671 
-0.00095 0.91440 0.01699 
-0.00101 0.91440 0.01706 
-0.00135 0.91440 0.01741 
-0.00270 0.91440 0.01883 
-0.00314 0.91440 0.01926 
-0.00403 0.91440 0.02009 
-0.00503 0.91440 0.02099 
-0.00546 0.91440 0.02139 
-0.00570 0.91440 0.02160 
-0.00691 0.91440 0.02251 
-0.00733 0.91440 0.02283 
-0.00754 0.91440 0.02293 
-0.00892 0.91440 0.02364 
-0.00988 0.91440 0.02469 
-0.01029 0.91440 0.02513 
-0.01051 0.91440 0.02587 
-0.01070 0.91440 0.02683 
-0.01036 0.91440 0.02835 
-0.01018 0.91440 0.02874 
-0.00883 0.91440 0.03009 
-0.00818 0.91440 0.03036 
-0.00681 0.91440 0.03063 
-0.00565 0.91440 0.03049 
-0.00505 0.91440 0.03031 
-0.00457 0.91440 0.02989 
-0.00334 0.91440 0.02890 
-0.00260 0.91440 0.02835 
-0.00155 0.91440 0.02778 
-0.00066 0.91440 0.02730 
-0.00009 0.91440 0.02700 
0.00108 0.91440 0.02644 
0.00112 0.91440 0.02642 
0.00121 0.91440 0.02637 
0.00270 0.91440 0.02560 
0.00302 0.91440 0.02542 
0.00356 0.91440 0.02517 
0.00500 0.91440 0.02448 
0.00630 0.91440 0.02401 
0.00650 0.91440 0.02393 
0.00669 0.91440 0.02389 
0.00818 0.91440 0.02354 
0.01000 0.91440 0.02349 
0.01045 0.91440 0.02347 
0.01068 0.91440 0.02349 
0.01179 0.91440 0.02360 
0.01289 0.91440 0.02371 
0.01319 0.91440 0.02376 
0.01500 0.91440 0.02404 
0.01603 0.91440 0.02422 
0.01692 0.91440 0.02438 
0.01786 0.91440 0.02458 
0.01903 0.91440 0.02482 
0.02006 0.91440 0.02507 
0.02113 0.91440 0.02531 
0.02246 0.91440 0.02560 
0.02310 0.91440 0.02574 
0.02375 0.91440 0.02585 
0.02508 0.91440 0.02609 
0.02577 0.91440 0.02620 
0.02695 0.91440 0.02638 
0.02752 0.91440 0.02647 
0.02882 0.91440 0.02667 
0.03010 0.91440 0.02686 
0.03122 0.91440 0.02704 
0.03226 0.91440 0.02722 
0.03352 0.91440 0.02744 
0.03451 0.91440 0.02761 
0.03604 0.91440 0.02789 
0.03718 0.91440 0.02809 
0.03831 0.91440 0.02829 
0.03984 0.91440 0.02855 
0.04018 0.91440 0.02861 
0.04168 0.91440 0.02884 
0.04293 0.91440 0.02902 
0.04432 0.91440 0.02922 
0.04547 0.91440 0.02938 
0.04661 0.91440 0.02953 
0.04751 0.91440 0.02964 
0.04909 0.91440 0.02984 
0.04983 0.91440 0.02993 
0.05099 0.91440 0.03006 
0.05160 0.91440 0.03013 
0.05300 0.91440 0.03028 
0.05343 0.91440 0.03033 
0.05354 0.91440 0.03034 
0.05528 0.91440 0.03051 
0.05586 0.91440 0.03057 
0.05734 0.91440 0.03070 
0.05853 0.91440 0.03081 
0.05983 0.91440 0.03092 
0.06105 0.91440 0.03102 
0.06253 0.91440 0.03113 
0.06348 0.91440 0.03120 
0.06491 0.91440 0.03131 
0.06596 0.91440 0.03138 
0.06734 0.91440 0.03147 
0.06849 0.91440 0.03154 
0.06949 0.91440 0.03160 
0.07060 0.91440 0.03167 
0.07151 0.91440 0.03172 
0.07277 0.91440 0.03179 
0.07317 0.91440 0.03181 
0.07515 0.91440 0.03191 
0.07522 0.91440 0.03191 
0.07524 0.91440 0.03191 
0.07747 0.91440 0.03201 
0.07774 0.91440 0.03202 
0.07985 0.91440 0.03210 
0.08021 0.91440 0.03211 
0.08182 0.91440 0.03217 
0.08311 0.91440 0.03221 
0.08380 0.91440 0.03223 
0.08538 0.91440 0.03227 
0.08607 0.91440 0.03229 
0.08726 0.91440 0.03232 
0.08785 0.91440 0.03233 
0.08945 0.91440 0.03236 
0.09017 0.91440 0.03238 
0.09189 0.91440 0.03240 
0.09228 0.91440 0.03241 
0.09456 0.91440 0.03243 
0.09459 0.91440 0.03243 
0.09487 0.91440 0.03244 
0.09688 0.91440 0.03245 
0.09708 0.91440 0.03245 
0.09916 0.91440 0.03246 
0.09968 0.91440 0.03246 
0.10152 0.91440 0.03245 
0.10248 0.91440 0.03245 
0.10334 0.91440 0.03245 
0.10486 0.91440 0.03244 
0.10561 0.91440 0.03243 
0.10717 0.91440 0.03242 
0.10786 0.91440 0.03241 
0.10836 0.91440 0.03240 
0.10961 0.91440 0.03239 
0.11053 0.91440 0.03238 
0.11178 0.91440 0.03236 
0.11294 0.91440 0.03234 
0.11430 0.91440 0.03231 
0.11507 0.91440 0.03230 
0.11699 0.91440 0.03226 
0.11730 0.91440 0.03225 
0.11811 0.91440 0.03223 
0.11919 0.91440 0.03221 
0.12012 0.91440 0.03218 
0.12099 0.91440 0.03216 
0.12136 0.91440 0.03215 
0.12281 0.91440 0.03210 
0.12395 0.91440 0.03207 
0.12475 0.91440 0.03204 
0.12509 0.91440 0.03203 
0.12633 0.91440 0.03199 
0.12723 0.91440 0.03196 
0.12763 0.91440 0.03194 
0.12945 0.91440 0.03188 
0.13084 0.91440 0.03182 
0.13187 0.91440 0.03178 
0.13363 0.91440 0.03171 
0.13416 0.91440 0.03168 
0.13619 0.91440 0.03159 
0.13671 0.91440 0.03157 
0.13879 0.91440 0.03147 
0.13898 0.91440 0.03146 
0.14010 0.91440 0.03141 
0.14126 0.91440 0.03135 
0.14150 0.91440 0.03134 
0.14338 0.91440 0.03124 
0.14434 0.91440 0.03119 
0.14555 0.91440 0.03112 
0.14708 0.91440 0.03104 
0.14773 0.91440 0.03100 
0.14901 0.91440 0.03093 
0.14969 0.91440 0.03089 
0.15016 0.91440 0.03086 
0.15160 0.91440 0.03078 
0.15315 0.91440 0.03068 
0.15375 0.91440 0.03064 
0.15475 0.91440 0.03058 
0.15596 0.91440 0.03050 
0.15659 0.91440 0.03046 
0.15808 0.91440 0.03036 
0.16017 0.91440 0.03022 
0.16046 0.91440 0.03020 
0.16067 0.91440 0.03019 
0.16259 0.91440 0.03005 
0.16365 0.91440 0.02998 
0.16469 0.91440 0.02991 
0.16529 0.91440 0.02986 
0.16584 0.91440 0.02982 
0.16760 0.91440 0.02969 
0.16857 0.91440 0.02962 
0.17013 0.91440 0.02950 
0.17031 0.91440 0.02949 
0.17183 0.91440 0.02937 
0.17279 0.91440 0.02929 
0.17399 0.91440 0.02920 
0.17581 0.91440 0.02905 
0.17585 0.91440 0.02905 
0.17588 0.91440 0.02905 
0.17794 0.91440 0.02888 
0.17969 0.91440 0.02873 
0.18024 0.91440 0.02868 
0.18057 0.91440 0.02866 
0.18243 0.91440 0.02850 
0.18310 0.91440 0.02844 
0.18481 0.91440 0.02829 
0.18568 0.91440 0.02821 
0.18702 0.91440 0.02809 
0.18800 0.91440 0.02801 
0.18963 0.91440 0.02786 
0.18991 0.91440 0.02783 
0.19036 0.91440 0.02779 
0.19203 0.91440 0.02764 
0.19341 0.91440 0.02751 
0.19395 0.91440 0.02746 
0.19451 0.91440 0.02741 
0.19590 0.91440 0.02727 
0.19782 0.91440 0.02709 
0.19820 0.91440 0.02705 
0.19836 0.91440 0.02704 
0.19908 0.91440 0.02697 
0.20020 0.91440 0.02686 
0.20102 0.91440 0.02678 
0.20198 0.91440 0.02668 
0.20245 0.91440 0.02663 
0.20378 0.91440 0.02650 
0.20503 0.91440 0.02638 
0.20534 0.91440 0.02634 
0.20708 0.91440 0.02617 
0.20772 0.91440 0.02610 
0.21013 0.91440 0.02585 
0.21024 0.91440 0.02584 
0.21027 0.91440 0.02584 
0.21301 0.91440 0.02555 
0.21338 0.91440 0.02551 
0.21533 0.91440 0.02530 
0.21639 0.91440 0.02519 
0.21760 0.91440 0.02506 
0.22024 0.91440 0.02477 
0.22044 0.91440 0.02474 
0.22055 0.91440 0.02473 
0.22109 0.91440 0.02467 
0.22248 0.91440 0.02452 
0.22311 0.91440 0.02445 
0.22396 0.91440 0.02435 
0.22511 0.91440 0.02422 
0.22548 0.91440 0.02418 
0.22564 0.91440 0.02416 
0.22760 0.91440 0.02394 
0.22841 0.91440 0.02385 
0.22971 0.91440 0.02370 
0.23179 0.91440 0.02346 
0.23186 0.91440 0.02345 
0.23197 0.91440 0.02343 
0.23388 0.91440 0.02321 
0.23517 0.91440 0.02306 
0.23583 0.91440 0.02298 
0.23772 0.91440 0.02276 
0.23796 0.91440 0.02273 
0.24034 0.91440 0.02244 
0.24053 0.91440 0.02242 
0.24055 0.91440 0.02242 
0.24346 0.91440 0.02206 
0.24430 0.91440 0.02196 
0.24653 0.91440 0.02168 
0.24762 0.91440 0.02155 
0.25032 0.91440 0.02121 
0.25130 0.91440 0.02108 
0.25284 0.91440 0.02089 
0.25410 0.91440 0.02073 
0.25702 0.91440 0.02036 
0.25702 0.91440 0.02036 
0.25702 0.91440 0.02036 
0.26026 0.91440 0.01994 
0.26026 0.91440 0.01994 
0.26349 0.91440 0.01952 
0.26349 0.91440 0.01952 
0.26673 0.91440 0.01909 
0.26673 0.91440 0.01909 
0.26997 0.91440 0.01865 
0.26997 0.91440 0.01865 
0.27321 0.91440 0.01822 
0.27321 0.91440 0.01822 
0.27644 0.91440 0.01778 
0.27644 0.91440 0.01778 
0.27968 0.91440 0.01733 
0.27968 0.91440 0.01733 
0.28291 0.91440 0.01688 
0.28291 0.91440 0.01688 
0.28614 0.91440 0.01643 
0.28614 0.91440 0.01643 
0.28937 0.91440 0.01597 
0.28937 0.91440 0.01597 
0.29259 0.91440 0.01551 
0.29259 0.91440 0.01551 
0.29581 0.91440 0.01505 
0.29581 0.91440 0.01505 
0.29903 0.91440 0.01459 
0.29903 0.91440 0.01459 
0.30224 0.91440 0.01412 
0.30224 0.91440 0.01412 
0.30545 0.91440 0.01364 
0.30545 0.91440 0.01364 
0.30865 0.91440 0.01317 
0.30865 0.91440 0.01317 
0.31184 0.91440 0.01269 
0.31184 0.91440 0.01269 
0.31503 0.91440 0.01221 
0.31503 0.91440 0.01221 
0.31821 0.91440 0.01173 
0.31821 0.91440 0.01173 
0.32138 0.91440 0.01125 
0.32138 0.91440 0.01125 
0.32454 0.91440 0.01076 
0.32454 0.91440 0.01076 
0.32770 0.91440 0.01028 
0.32770 0.91440 0.01028 
0.33084 0.91440 0.00979 
0.33084 0.91440 0.00979 
0.33398 0.91440 0.00930 
0.33398 0.91440 0.00930 
0.33711 0.91440 0.00880 
0.33711 0.91440 0.00880 
0.34022 0.91440 0.00831 
0.34022 0.91440 0.00831 
0.34333 0.91440 0.00782 
0.34333 0.91440 0.00782 
0.34642 0.91440 0.00732 
0.34642 0.91440 0.00732 
0.34950 0.91440 0.00682 
0.34950 0.91440 0.00682 
0.35257 0.91440 0.00633 
0.35257 0.91440 0.00633 
0.35563 0.91440 0.00583 
0.35563 0.91440 0.00583 
0.35867 0.91440 0.00533 
0.35867 0.91440 0.00533 
0.36170 0.91440 0.00483 
0.36170 0.91440 0.00483 
0.36472 0.91440 0.00433 
0.36472 0.91440 0.00433 
0.36772 0.91440 0.00384 
0.36772 0.91440 0.00383 
0.37071 0.91440 0.00334 
0.37071 0.91440 0.00334 
0.37368 0.91440 0.00284 
0.37368 0.91440 0.00284 
0.37663 0.91440 0.00234 
0.37663 0.91440 0.00234 
0.37957 0.91440 0.00184 
0.37957 0.91440 0.00184 
0.38249 0.91440 0.00134 
0.38249 0.91440 0.00134 
0.38540 0.91440 0.00085 
0.38540 0.91440 0.00085 
0.38829 0.91440 0.00035 
0.38829 0.91440 0.00035 
0.39115 0.91440 -0.00014 
0.39115 0.91440 -0.00014 
0.39401 0.91440 -0.00064 
0.39401 0.91440 -0.00064 
0.39684 0.91440 -0.00113 
0.39684 0.91440 -0.00113 
0.39965 0.91440 -0.00162 
0.39965 0.91440 -0.00162 
0.40244 0.91440 -0.00211 
0.40244 0.91440 -0.00211 
0.40521 0.91440 -0.00260 
0.40521 0.91440 -0.00260 
0.40797 0.91440 -0.00309 
0.40797 0.91440 -0.00309 
0.41070 0.91440 -0.00357 
0.41070 0.91440 -0.00357 
0.41341 0.91440 -0.00405 
0.41341 0.91440 -0.00405 
0.41609 0.91440 -0.00453 
0.41610 0.91440 -0.00453 
0.41876 0.91440 -0.00501 
0.41876 0.91440 -0.00501 
0.42140 0.91440 -0.00549 
0.42140 0.91440 -0.00549 
0.42402 0.91440 -0.00596 
0.42402 0.91440 -0.00596 
0.42662 0.91440 -0.00644 
0.42662 0.91440 -0.00644 
0.42919 0.91440 -0.00691 
0.42919 0.91440 -0.00691 
0.43174 0.91440 -0.00737 
0.43174 0.91440 -0.00737 
0.43427 0.91440 -0.00784 
0.43427 0.91440 -0.00784 
0.43677 0.91440 -0.00830 
0.43677 0.91440 -0.00830 
0.43924 0.91440 -0.00875 
0.43924 0.91440 -0.00875 
0.44169 0.91440 -0.00921 
0.44169 0.91440 -0.00921 
0.44411 0.91440 -0.00966 
0.44411 0.91440 -0.00966 
0.44651 0.91440 -0.01011 
0.44651 0.91440 -0.01011 
0.44888 0.91440 -0.01055 
0.44888 0.91440 -0.01055 
0.45122 0.91440 -0.01099 
0.45122 0.91440 -0.01099 
0.45354 0.91440 -0.01143 
0.45354 0.91440 -0.01143 
0.45582 0.91440 -0.01186 
0.45582 0.91440 -0.01186 
0.45808 0.91440 -0.01229 
0.45808 0.91440 -0.01229 
0.46032 0.91440 -0.01272 
0.46032 0.91440 -0.01272 
0.46252 0.91440 -0.01314 
0.46252 0.91440 -0.01314 
0.46469 0.91440 -0.01355 
0.46469 0.91440 -0.01355 
0.46684 0.91440 -0.01397 
0.46684 0.91440 -0.01397 
0.46895 0.91440 -0.01437 
0.46895 0.91440 -0.01437 
0.47103 0.91440 -0.01478 
0.47103 0.91440 -0.01478 
0.47309 0.91440 -0.01518 
0.47309 0.91440 -0.01518 
0.47511 0.91440 -0.01557 
0.47511 0.91440 -0.01557 
0.47710 0.91440 -0.01596 
0.47710 0.91440 -0.01596 
0.47907 0.91440 -0.01634 
0.47907 0.91440 -0.01634 
0.48100 0.91440 -0.01672 
0.48100 0.91440 -0.01672 
0.48289 0.91440 -0.01709 
0.48289 0.91440 -0.01709 
0.48476 0.91440 -0.01746 
0.48476 0.91440 -0.01746 
0.48659 0.91440 -0.01783 
0.48659 0.91440 -0.01783 
0.48839 0.91440 -0.01818 
0.48839 0.91440 -0.01818 
0.49016 0.91440 -0.01853 
0.49016 0.91440 -0.01853 
0.49190 0.91440 -0.01888 
0.49190 0.91440 -0.01888 
0.49360 0.91440 -0.01922 
0.49360 0.91440 -0.01922 
0.49527 0.91440 -0.01955 
0.49527 0.91440 -0.01955 
0.49690 0.91440 -0.01988 
0.49690 0.91440 -0.01988 
0.49850 0.91440 -0.02020 
0.49850 0.91440 -0.02020 
0.50007 0.91440 -0.02052 
0.50007 0.91440 -0.02052 
0.50160 0.91440 -0.02083 
0.50160 0.91440 -0.02083 
0.50309 0.91440 -0.02113 
0.50309 0.91440 -0.02113 
0.50456 0.91440 -0.02143 
0.50456 0.91440 -0.02143 
0.50598 0.91440 -0.02172 
0.50598 0.91440 -0.02172 
0.50737 0.91440 -0.02200 
0.50737 0.91440 -0.02200 
0.50873 0.91440 -0.02228 
0.50873 0.91440 -0.02228 
0.51005 0.91440 -0.02255 
0.51005 0.91440 -0.02255 
0.51133 0.91440 -0.02281 
0.51133 0.91440 -0.02281 
0.51257 0.91440 -0.02307 
0.51257 0.91440 -0.02307 
0.51378 0.91440 -0.02332 
0.51378 0.91440 -0.02332 
0.51496 0.91440 -0.02356 
0.51496 0.91440 -0.02356 
0.51609 0.91440 -0.02380 
0.51609 0.91440 -0.02380 
0.51719 0.91440 -0.02403 
0.51719 0.91440 -0.02403 
0.51826 0.91440 -0.02425 
0.51826 0.91440 -0.02425 
0.51928 0.91440 -0.02446 
0.51928 0.91440 -0.02446 
0.52027 0.91440 -0.02466 
0.52027 0.91440 -0.02466 
0.52122 0.91440 -0.02486 
0.52122 0.91440 -0.02486 
0.52213 0.91440 -0.02505 
0.52213 0.91440 -0.02505 
0.52301 0.91440 -0.02524 
0.52301 0.91440 -0.02524 
0.52385 0.91440 -0.02541 
0.52385 0.91440 -0.02541 
0.52464 0.91440 -0.02558 
0.52464 0.91440 -0.02558 
0.52540 0.91440 -0.02574 
0.52540 0.91440 -0.02574 
0.52613 0.91440 -0.02589 
0.52613 0.91440 -0.02589 
0.52681 0.91440 -0.02603 
0.52681 0.91440 -0.02603 
0.52746 0.91440 -0.02617 
0.52746 0.91440 -0.02617 
0.52806 0.91440 -0.02630 
0.52806 0.91440 -0.02630 
0.52863 0.91440 -0.02642 
0.52863 0.91440 -0.02642 
0.52916 0.91440 -0.02653 
0.52916 0.91440 -0.02653 
0.52965 0.91440 -0.02663 
0.52965 0.91440 -0.02663 
0.53010 0.91440 -0.02673 
0.53010 0.91440 -0.02673 
0.53051 0.91440 -0.02682 
0.53051 0.91440 -0.02682 
0.53089 0.91440 -0.02689 
0.53089 0.91440 -0.02689 
0.53122 0.91440 -0.02696 
0.53122 0.91440 -0.02697 
0.53151 0.91440 -0.02703 
0.53151 0.91440 -0.02703 
0.53177 0.91440 -0.02708 
0.53177 0.91440 -0.02708 
0.53199 0.91440 -0.02713 
0.53199 0.91440 -0.02713 
0.53216 0.91440 -0.02717 
0.53216 0.91440 -0.02717 
0.53230 0.91440 -0.02719 
0.53230 0.91440 -0.02719 
0.53240 0.91440 -0.02722 
0.53240 0.91440 -0.02722 
0.53248 0.91440 -0.02723 
0.53248 0.91440 -0.02723 
0.53247 0.91440 -0.02738 
0.53247 0.91440 -0.02738 
0.53246 0.91440 -0.02753 
0.53246 0.91440 -0.02753 
0.53245 0.91440 -0.02768 
0.53245 0.91440 -0.02768 
0.53244 0.91440 -0.02783 
0.53244 0.91440 -0.02783 
0.53243 0.91440 -0.02798 

